1 2 4
1 3 3
1 4 6
1 5 7
1 6 9
1 7 1
1 8 9
1 9 2
1 10 2
1 11 3
1 12 2
1 13 2
1 14 10
1 15 4
1 16 10
1 17 1
1 18 10
1 19 6
1 20 9
2 1 6
2 3 1
2 4 10
2 5 3
2 6 10
2 7 4
2 8 7
2 9 7
2 10 10
2 11 8
2 12 6
2 13 5
2 14 4
2 15 4
2 16 5
2 17 6
2 18 7
2 19 1
2 20 2
3 1 1
3 2 4
3 4 7
3 5 5
3 6 10
3 7 3
3 8 5
3 9 5
3 10 2
3 11 10
3 12 10
3 13 3
3 14 6
3 15 3
3 16 8
3 17 5
3 18 2
3 19 2
3 20 7
4 1 10
4 2 6
4 3 2
4 5 4
4 6 4
4 7 7
4 8 7
4 9 2
4 10 8
4 11 6
4 12 2
4 13 1
4 14 5
4 15 2
4 16 8
4 17 1
4 18 2
4 19 7
4 20 4
5 1 9
5 2 6
5 3 2
5 4 1
5 6 2
5 7 3
5 8 10
5 9 9
5 10 9
5 11 10
5 12 6
5 13 2
5 14 10
5 15 7
5 16 3
5 17 8
5 18 6
5 19 2
5 20 10
6 1 2
6 2 4
6 3 9
6 4 8
6 5 9
6 7 4
6 8 8
6 9 5
6 10 3
6 11 5
6 12 4
6 13 5
6 14 5
6 15 6
6 16 5
6 17 10
6 18 7
6 19 6
6 20 4
7 1 1
7 2 4
7 3 1
7 4 7
7 5 7
7 6 1
7 8 3
7 9 4
7 10 6
7 11 3
7 12 9
7 13 8
7 14 5
7 15 6
7 16 2
7 17 4
7 18 10
7 19 3
7 20 1
8 1 7
8 2 7
8 3 4
8 4 8
8 5 5
8 6 6
8 7 9
8 9 10
8 10 3
8 11 8
8 12 9
8 13 5
8 14 4
8 15 9
8 16 5
8 17 2
8 18 6
8 19 2
8 20 7
9 1 7
9 2 4
9 3 9
9 4 10
9 5 3
9 6 1
9 7 5
9 8 7
9 10 3
9 11 2
9 12 1
9 13 8
9 14 4
9 15 4
9 16 1
9 17 6
9 18 4
9 19 4
9 20 10
10 1 10
10 2 10
10 3 2
10 4 9
10 5 8
10 6 6
10 7 3
10 8 1
10 9 2
10 11 4
10 12 2
10 13 7
10 14 1
10 15 7
10 16 4
10 17 3
10 18 10
10 19 3
10 20 3
11 1 4
11 2 6
11 3 1
11 4 4
11 5 1
11 6 10
11 7 10
11 8 10
11 9 8
11 10 1
11 12 1
11 13 5
11 14 2
11 15 5
11 16 7
11 17 8
11 18 5
11 19 3
11 20 4
12 1 2
12 2 5
12 3 6
12 4 10
12 5 5
12 6 9
12 7 2
12 8 3
12 9 6
12 10 10
12 11 6
12 13 3
12 14 4
12 15 2
12 16 2
12 17 8
12 18 4
12 19 2
12 20 2
13 1 6
13 2 5
13 3 3
13 4 4
13 5 1
13 6 7
13 7 8
13 8 4
13 9 6
13 10 5
13 11 10
13 12 4
13 14 5
13 15 7
13 16 3
13 17 6
13 18 9
13 19 6
13 20 3
14 1 5
14 2 4
14 3 3
14 4 1
14 5 5
14 6 7
14 7 10
14 8 4
14 9 6
14 10 6
14 11 5
14 12 8
14 13 4
14 15 2
14 16 6
14 17 1
14 18 6
14 19 10
14 20 3
15 1 4
15 2 10
15 3 10
15 4 2
15 5 5
15 6 5
15 7 9
15 8 6
15 9 2
15 10 6
15 11 9
15 12 10
15 13 10
15 14 7
15 16 6
15 17 3
15 18 6
15 19 6
15 20 3
16 1 6
16 2 4
16 3 9
16 4 2
16 5 1
16 6 4
16 7 9
16 8 3
16 9 8
16 10 1
16 11 6
16 12 10
16 13 5
16 14 1
16 15 4
16 17 3
16 18 5
16 19 6
16 20 1
17 1 8
17 2 3
17 3 10
17 4 7
17 5 5
17 6 5
17 7 2
17 8 4
17 9 4
17 10 4
17 11 7
17 12 1
17 13 6
17 14 10
17 15 4
17 16 4
17 18 3
17 19 2
17 20 2
18 1 6
18 2 7
18 3 7
18 4 1
18 5 6
18 6 3
18 7 5
18 8 8
18 9 5
18 10 5
18 11 8
18 12 4
18 13 8
18 14 6
18 15 10
18 16 1
18 17 3
18 19 10
18 20 7
19 1 2
19 2 9
19 3 7
19 4 2
19 5 5
19 6 1
19 7 10
19 8 8
19 9 7
19 10 10
19 11 9
19 12 3
19 13 8
19 14 8
19 15 3
19 16 7
19 17 7
19 18 4
19 20 3
20 1 8
20 2 5
20 3 6
20 4 3
20 5 10
20 6 7
20 7 9
20 8 1
20 9 10
20 10 6
20 11 5
20 12 6
20 13 2
20 14 1
20 15 4
20 16 9
20 17 4
20 18 4
20 19 9
