第0世代

第0島嶼: 
0: 0 5 2 4 1 3 
 : 0 1 1 1 1 sum = 193.755875
1: 0 2 5 1 3 4 
 : 0 1 0 0 0 sum = 93.247787
2: 1 4 0 5 3 2 
 : 1 1 1 1 0 sum = 173.449738
3: 0 1 2 3 4 5 
 : 1 0 0 0 1 sum = 91.487915
4: 2 0 3 5 4 1 
 : 0 0 0 0 1 sum = 67.746529
5: 4 5 1 3 2 0 
 : 0 0 0 1 0 sum = 83.381973
6: 5 4 0 3 1 2 
 : 1 0 1 1 1 sum = 167.625412
7: 2 4 1 0 3 5 
 : 0 1 0 1 1 sum = 147.814163
8: 4 2 3 1 5 0 
 : 0 1 0 1 1 sum = 164.241943
9: 2 3 1 4 5 0 
 : 1 1 0 1 0 sum = 149.777023
第1島嶼: 
0: 1 3 2 5 4 0 
 : 0 0 1 0 1 sum = 114.227623
1: 2 1 0 3 4 5 
 : 1 1 1 1 1 sum = 206.000000
2: 0 3 4 5 2 1 
 : 0 1 1 1 1 sum = 165.182312
3: 2 0 3 5 1 4 
 : 1 1 0 0 1 sum = 131.674271
4: 1 2 3 4 5 0 
 : 0 0 1 0 1 sum = 111.106422
5: 3 2 4 5 1 0 
 : 1 0 0 1 0 sum = 100.311531
6: 2 4 0 1 5 3 
 : 0 0 0 1 0 sum = 75.994354
7: 4 3 2 5 1 0 
 : 0 1 1 0 1 sum = 172.957657
8: 5 1 0 2 3 4 
 : 1 0 0 0 0 sum = 75.478905
9: 4 0 3 1 2 5 
 : 1 0 0 0 1 sum = 96.018944
第0島嶼: 
取的資料: 6 3
5 4 0 3 1 2 	0 1 2 3 4 5 
沒有交配
取的資料: 2 9
1 4 0 5 3 2 	2 3 1 4 5 0 
交配
選第3個交配
5 4
5 5
3 4
3 5
第一個交換結果
1 4 0 4 5 2 
第二個交換結果
2 3 1 5 3 0 有1個一樣

產生子代: 
交配結果
1 3 0 4 5 2 	2 4 1 5 3 0 
取的資料: 7 7
2 4 1 0 3 5 	2 4 1 0 3 5 
交配
選第4個交配
3 3
3 5
5 3
5 5
第一個交換結果
2 4 1 0 3 5 
第二個交換結果
2 4 1 0 3 5 有2個一樣

交配結果
2 4 1 0 3 5 	2 4 1 0 3 5 
取的資料: 1 9
0 2 5 1 3 4 	2 3 1 4 5 0 
交配
選第0個交配
0 2
0 3
2 2
2 3
第一個交換結果
2 3 5 1 3 4 
第二個交換結果
0 2 1 4 5 0 有1個一樣

產生子代: 
交配結果
2 3 5 1 0 4 	0 2 1 4 5 3 
取的資料: 5 6
4 5 1 3 2 0 	5 4 0 3 1 2 
沒有交配
第1島嶼: 
取的資料: 8 9
5 1 0 2 3 4 	4 0 3 1 2 5 
交配
選第3個交配
2 1
2 2
3 1
3 2
第一個交換結果
5 1 0 1 2 4 
第二個交換結果
4 0 3 2 3 5 有1個一樣

產生子代: 
交配結果
5 3 0 1 2 4 	4 0 1 2 3 5 
取的資料: 8 6
5 1 0 2 3 4 	2 4 0 1 5 3 
沒有交配
取的資料: 7 4
4 3 2 5 1 0 	1 2 3 4 5 0 
交配
選第1個交配
3 2
3 3
2 2
2 3
第一個交換結果
4 2 3 5 1 0 
第二個交換結果
1 3 2 4 5 0 有2個一樣

交配結果
4 2 3 5 1 0 	1 3 2 4 5 0 
取的資料: 6 8
2 4 0 1 5 3 	5 1 0 2 3 4 
沒有交配
取的資料: 1 6
2 1 0 3 4 5 	2 4 0 1 5 3 
交配
選第4個交配
4 5
4 3
5 5
5 3
第一個交換結果
2 1 0 3 5 3 
第二個交換結果
2 4 0 1 4 5 有1個一樣

產生子代: 
交配結果
2 1 0 4 5 3 	2 3 0 1 4 5 
第0島嶼(OF): 
193.755875 
93.247787 
173.449738 
91.487915 
67.746529 
83.381973 
167.625412 
147.814163 
164.241943 
149.777023 
第1島嶼(OF): 
114.227623 
206.000000 
165.182312 
131.674271 
111.106422 
100.311531 
75.994354 
172.957657 
75.478905 
96.018944 
新的子代
5 4 0 3 1 2 
0 1 2 3 4 5 
1 3 0 4 5 2 
2 4 1 5 3 0 
2 4 1 0 3 5 
2 4 1 0 3 5 
2 3 5 1 4 0 
0 2 1 4 5 3 
4 5 1 3 2 0 
5 4 0 3 1 2 

5 3 0 1 2 4 
4 3 1 2 0 5 
5 1 0 2 3 4 
2 4 0 1 5 3 
4 2 3 5 1 0 
1 3 2 4 5 0 
2 4 0 1 5 3 
5 1 0 2 3 4 
2 1 0 4 5 3 
2 3 0 1 4 5 

第1世代

第0島嶼: 
0: 5 4 0 3 1 2 
 : 1 0 1 1 1 sum = 167.625412
1: 0 1 2 3 4 5 
 : 1 0 0 0 1 sum = 91.487915
2: 1 3 0 4 5 2 
 : 1 1 1 1 0 sum = 157.225143
3: 2 4 1 5 3 0 
 : 1 1 0 1 0 sum = 136.545670
4: 2 4 1 0 3 5 
 : 0 1 0 1 1 sum = 147.814163
5: 2 4 1 0 3 5 
 : 0 1 0 1 1 sum = 147.814163
6: 2 3 5 1 4 0 
 : 0 1 0 0 0 sum = 79.168732
7: 0 2 1 4 5 3 
 : 0 1 0 1 0 sum = 122.220016
8: 4 5 1 3 2 0 
 : 0 0 0 1 0 sum = 83.381973
9: 5 4 0 3 1 2 
 : 1 0 1 1 1 sum = 167.625412
第1島嶼: 
0: 5 3 0 1 2 4 
 : 1 0 0 0 0 sum = 70.319794
1: 4 3 1 2 0 5 
 : 1 0 0 0 0 sum = 78.539658
2: 5 1 0 2 3 4 
 : 1 0 0 0 0 sum = 75.478905
3: 2 4 0 1 5 3 
 : 0 0 0 1 0 sum = 75.994354
4: 4 2 3 5 1 0 
 : 0 1 1 0 1 sum = 170.453568
5: 1 3 2 4 5 0 
 : 0 1 1 0 1 sum = 147.637573
6: 2 4 0 1 5 3 
 : 0 0 0 1 0 sum = 75.994354
7: 5 1 0 2 3 4 
 : 1 0 0 0 0 sum = 75.478905
8: 2 1 0 4 5 3 
 : 1 1 1 1 1 sum = 196.000000
9: 2 3 0 1 4 5 
 : 0 0 0 1 1 sum = 102.592995
第0島嶼: 
取的資料: 1 6
0 1 2 3 4 5 	2 3 5 1 4 0 
交配
選第4個交配
4 4
4 0
5 4
5 0
第一個交換結果
0 1 2 3 4 0 
第二個交換結果
2 3 5 1 4 5 有1個一樣

產生子代: 
交配結果
5 1 2 3 4 0 	2 3 0 1 4 5 
取的資料: 6 9
2 3 5 1 4 0 	5 4 0 3 1 2 
沒有交配
取的資料: 8 1
4 5 1 3 2 0 	0 1 2 3 4 5 
交配
選第4個交配
2 4
2 5
0 4
0 5
第一個交換結果
4 5 1 3 4 5 
第二個交換結果
0 1 2 3 2 0 有0個一樣

產生第一個子代: 2 0 1 3 4 5 
產生第二個子代: 5 1 4 3 2 0 
交配結果
2 0 1 3 4 5 	5 1 4 3 2 0 
取的資料: 1 1
0 1 2 3 4 5 	0 1 2 3 4 5 
交配
選第0個交配
0 0
0 1
1 0
1 1
第一個交換結果
0 1 2 3 4 5 
第二個交換結果
0 1 2 3 4 5 有2個一樣

交配結果
0 1 2 3 4 5 	0 1 2 3 4 5 
取的資料: 4 9
2 4 1 0 3 5 	5 4 0 3 1 2 
沒有交配
第1島嶼: 
取的資料: 9 9
2 3 0 1 4 5 	2 3 0 1 4 5 
沒有交配
取的資料: 6 9
2 4 0 1 5 3 	2 3 0 1 4 5 
交配
選第4個交配
5 4
5 5
3 4
3 5
第一個交換結果
2 4 0 1 4 5 
第二個交換結果
2 3 0 1 5 3 有1個一樣

產生子代: 
交配結果
2 3 0 1 4 5 	2 4 0 1 5 3 
取的資料: 9 3
2 3 0 1 4 5 	2 4 0 1 5 3 
沒有交配
取的資料: 1 6
4 3 1 2 0 5 	2 4 0 1 5 3 
沒有交配
取的資料: 2 5
5 1 0 2 3 4 	1 3 2 4 5 0 
交配
選第0個交配
5 1
5 3
1 1
1 3
第一個交換結果
1 3 0 2 3 4 
第二個交換結果
5 1 2 4 5 0 有1個一樣

產生子代: 
交配結果
1 3 0 2 5 4 	5 1 2 4 3 0 
第0島嶼(OF): 
167.625412 
91.487915 
157.225143 
136.545670 
147.814163 
147.814163 
79.168732 
122.220016 
83.381973 
167.625412 
第1島嶼(OF): 
70.319794 
78.539658 
75.478905 
75.994354 
170.453568 
147.637573 
75.994354 
75.478905 
196.000000 
102.592995 
新的子代
5 1 2 3 0 4 
2 3 0 1 4 5 
2 3 5 1 4 0 
5 4 0 3 1 2 
2 0 1 3 4 5 
5 1 4 3 2 0 
0 1 2 3 4 5 
0 1 2 3 4 5 
2 4 1 0 3 5 
5 4 0 3 1 2 

2 3 0 1 4 5 
2 3 0 1 4 5 
2 3 0 1 4 5 
2 4 0 1 5 3 
2 3 0 1 4 5 
2 4 0 1 5 3 
4 3 1 2 0 5 
2 4 0 1 5 3 
1 3 0 2 5 4 
5 1 2 4 3 0 

第2世代

第0島嶼: 
0: 5 1 2 3 0 4 
 : 1 0 0 0 1 sum = 96.739426
1: 2 3 0 1 4 5 
 : 0 1 0 0 1 sum = 108.576675
2: 2 3 5 1 4 0 
 : 0 1 0 0 0 sum = 79.168732
3: 5 4 0 3 1 2 
 : 1 0 1 1 1 sum = 167.625412
4: 2 0 1 3 4 5 
 : 0 1 0 1 0 sum = 123.492020
5: 5 1 4 3 2 0 
 : 1 0 0 0 0 sum = 72.633438
6: 0 1 2 3 4 5 
 : 1 0 0 0 1 sum = 91.487915
7: 0 1 2 3 4 5 
 : 1 0 0 0 1 sum = 91.487915
8: 2 4 1 0 3 5 
 : 0 1 0 1 1 sum = 147.814163
9: 5 4 0 3 1 2 
 : 1 0 1 1 1 sum = 167.625412
第1島嶼: 
0: 2 3 0 1 4 5 
 : 0 0 0 1 1 sum = 102.592995
1: 2 3 0 1 4 5 
 : 0 0 0 1 1 sum = 102.592995
2: 2 3 0 1 4 5 
 : 0 0 0 1 0 sum = 85.819405
3: 2 4 0 1 5 3 
 : 0 0 0 1 0 sum = 75.994354
4: 2 3 0 1 4 5 
 : 0 0 0 1 1 sum = 102.592995
5: 2 4 0 1 5 3 
 : 0 0 0 1 0 sum = 75.994354
6: 4 3 1 2 0 5 
 : 1 0 0 0 0 sum = 78.539658
7: 2 4 0 1 5 3 
 : 0 0 0 1 0 sum = 75.994354
8: 1 3 0 2 5 4 
 : 1 0 0 0 0 sum = 64.146523
9: 5 1 2 4 3 0 
 : 1 0 1 0 1 sum = 127.787880
第0島嶼: 
取的資料: 6 6
0 1 2 3 4 5 	0 1 2 3 4 5 
交配
選第1個交配
1 1
1 2
2 1
2 2
第一個交換結果
0 1 2 3 4 5 
第二個交換結果
0 1 2 3 4 5 有2個一樣

交配結果
0 1 2 3 4 5 	0 1 2 3 4 5 
取的資料: 2 2
2 3 5 1 4 0 	2 3 5 1 4 0 
交配
選第1個交配
3 3
3 5
5 3
5 5
第一個交換結果
2 3 5 1 4 0 
第二個交換結果
2 3 5 1 4 0 有2個一樣

交配結果
2 3 5 1 4 0 	2 3 5 1 4 0 
取的資料: 8 7
2 4 1 0 3 5 	0 1 2 3 4 5 
沒有交配
取的資料: 9 9
5 4 0 3 1 2 	5 4 0 3 1 2 
交配
選第3個交配
3 3
3 1
1 3
1 1
第一個交換結果
5 4 0 3 1 2 
第二個交換結果
5 4 0 3 1 2 有2個一樣

交配結果
5 4 0 3 1 2 	5 4 0 3 1 2 
取的資料: 9 7
5 4 0 3 1 2 	0 1 2 3 4 5 
交配
選第4個交配
1 4
1 5
2 4
2 5
第一個交換結果
5 4 0 3 4 5 
第二個交換結果
0 1 2 3 1 2 有0個一樣

產生第一個子代: 2 1 0 3 4 5 
產生第二個子代: 0 4 5 3 1 2 
交配結果
2 1 0 3 4 5 	0 4 5 3 1 2 
第1島嶼: 
取的資料: 1 9
2 3 0 1 4 5 	5 1 2 4 3 0 
沒有交配
取的資料: 1 2
2 3 0 1 4 5 	2 3 0 1 4 5 
交配
選第3個交配
1 1
1 4
4 1
4 4
第一個交換結果
2 3 0 1 4 5 
第二個交換結果
2 3 0 1 4 5 有2個一樣

交配結果
2 3 0 1 4 5 	2 3 0 1 4 5 
取的資料: 8 3
1 3 0 2 5 4 	2 4 0 1 5 3 
沒有交配
取的資料: 2 3
2 3 0 1 4 5 	2 4 0 1 5 3 
沒有交配
取的資料: 6 2
4 3 1 2 0 5 	2 3 0 1 4 5 
沒有交配
第0島嶼(OF): 
96.739426 
108.576675 
79.168732 
167.625412 
123.492020 
72.633438 
91.487915 
91.487915 
147.814163 
167.625412 
第1島嶼(OF): 
102.592995 
102.592995 
85.819405 
75.994354 
102.592995 
75.994354 
78.539658 
75.994354 
64.146523 
127.787880 
新的子代
0 1 2 3 4 5 
0 1 2 3 4 5 
2 3 5 0 4 1 
2 3 5 1 4 0 
2 4 1 0 3 5 
0 1 2 3 4 5 
5 4 0 3 1 2 
5 4 0 3 1 2 
2 1 0 3 4 5 
0 4 5 3 1 2 

2 3 0 1 4 5 
5 1 2 3 4 0 
2 3 0 1 4 5 
2 3 0 1 4 5 
1 3 0 2 5 4 
2 4 0 1 5 3 
2 3 0 1 4 5 
2 4 0 1 5 3 
4 3 1 2 0 5 
2 3 0 1 4 5 

第3世代

第0島嶼: 
0: 0 1 2 3 4 5 
 : 1 0 0 0 1 sum = 91.487915
1: 0 1 2 3 4 5 
 : 1 0 0 0 1 sum = 91.487915
2: 2 3 5 0 4 1 
 : 0 1 0 0 0 sum = 79.948257
3: 2 3 5 1 4 0 
 : 0 1 0 0 0 sum = 79.168732
4: 2 4 1 0 3 5 
 : 0 1 0 1 1 sum = 147.814163
5: 0 1 2 3 4 5 
 : 1 0 0 0 1 sum = 91.487915
6: 5 4 0 3 1 2 
 : 1 0 1 1 1 sum = 167.625412
7: 5 4 0 3 1 2 
 : 1 0 1 1 1 sum = 167.625412
8: 2 1 0 3 4 5 
 : 1 0 1 1 1 sum = 170.786438
9: 0 4 5 3 1 2 
 : 1 0 0 0 1 sum = 86.293953
第1島嶼: 
0: 2 3 0 1 4 5 
 : 0 0 0 1 1 sum = 102.592995
1: 5 1 2 3 4 0 
 : 1 0 1 0 1 sum = 127.787880
2: 2 3 0 1 4 5 
 : 0 0 0 1 1 sum = 102.592995
3: 2 3 0 1 4 5 
 : 0 0 0 1 1 sum = 102.592995
4: 1 3 0 2 5 4 
 : 1 0 0 0 0 sum = 64.146523
5: 2 4 0 1 5 3 
 : 0 0 0 1 0 sum = 75.994354
6: 2 3 0 1 4 5 
 : 0 0 0 1 0 sum = 85.819405
7: 2 4 0 1 5 3 
 : 0 0 0 1 0 sum = 75.994354
8: 4 3 1 2 0 5 
 : 1 0 0 0 0 sum = 78.539658
9: 2 3 0 1 4 5 
 : 0 0 0 1 0 sum = 85.819405
第0島嶼: 
取的資料: 2 8
2 3 5 0 4 1 	2 1 0 3 4 5 
沒有交配
取的資料: 7 1
5 4 0 3 1 2 	0 1 2 3 4 5 
交配
選第4個交配
1 4
1 5
2 4
2 5
第一個交換結果
5 4 0 3 4 5 
第二個交換結果
0 1 2 3 1 2 有0個一樣

產生第一個子代: 2 1 0 3 4 5 
產生第二個子代: 0 4 5 3 1 2 
交配結果
2 1 0 3 4 5 	0 4 5 3 1 2 
取的資料: 2 9
2 3 5 0 4 1 	0 4 5 3 1 2 
交配
選第0個交配
2 0
2 4
3 0
3 4
第一個交換結果
0 4 5 0 4 1 
第二個交換結果
2 3 5 3 1 2 有0個一樣

產生第一個子代: 0 4 5 2 3 1 
產生第二個子代: 2 3 5 4 1 0 
交配結果
0 4 5 2 3 1 	2 3 5 4 1 0 
取的資料: 9 6
0 4 5 3 1 2 	5 4 0 3 1 2 
交配
選第4個交配
1 1
1 2
2 1
2 2
第一個交換結果
0 4 5 3 1 2 
第二個交換結果
5 4 0 3 1 2 有2個一樣

交配結果
0 4 5 3 1 2 	5 4 0 3 1 2 
取的資料: 5 3
0 1 2 3 4 5 	2 3 5 1 4 0 
沒有交配
第1島嶼: 
取的資料: 5 8
2 4 0 1 5 3 	4 3 1 2 0 5 
交配
選第2個交配
0 1
0 2
1 1
1 2
第一個交換結果
2 4 1 2 5 3 
第二個交換結果
4 3 0 1 0 5 有1個一樣

產生子代: 
交配結果
0 4 1 2 5 3 	4 3 0 1 2 5 
取的資料: 4 9
1 3 0 2 5 4 	2 3 0 1 4 5 
交配
選第4個交配
5 4
5 5
4 4
4 5
第一個交換結果
1 3 0 2 4 5 
第二個交換結果
2 3 0 1 5 4 有2個一樣

交配結果
1 3 0 2 4 5 	2 3 0 1 5 4 
取的資料: 4 9
1 3 0 2 5 4 	2 3 0 1 4 5 
沒有交配
取的資料: 2 3
2 3 0 1 4 5 	2 3 0 1 4 5 
交配
選第3個交配
1 1
1 4
4 1
4 4
第一個交換結果
2 3 0 1 4 5 
第二個交換結果
2 3 0 1 4 5 有2個一樣

交配結果
2 3 0 1 4 5 	2 3 0 1 4 5 
取的資料: 9 9
2 3 0 1 4 5 	2 3 0 1 4 5 
交配
選第3個交配
1 1
1 4
4 1
4 4
第一個交換結果
2 3 0 1 4 5 
第二個交換結果
2 3 0 1 4 5 有2個一樣

交配結果
2 3 0 1 4 5 	2 3 0 1 4 5 
第0島嶼(OF): 
91.487915 
91.487915 
79.948257 
79.168732 
147.814163 
91.487915 
167.625412 
167.625412 
170.786438 
86.293953 
第1島嶼(OF): 
102.592995 
127.787880 
102.592995 
102.592995 
64.146523 
75.994354 
85.819405 
75.994354 
78.539658 
85.819405 
新的子代
2 3 5 0 4 1 
2 1 0 3 4 5 
2 1 0 3 4 5 
0 4 5 3 1 2 
0 4 5 2 3 1 
2 3 5 4 1 0 
0 4 5 3 1 2 
5 4 0 3 1 2 
0 1 2 3 4 5 
2 3 5 1 4 0 

0 4 1 2 5 3 
4 3 0 1 2 5 
1 3 0 2 4 5 
2 3 0 1 5 4 
1 3 0 2 5 4 
2 3 0 1 4 5 
2 3 0 1 4 5 
2 3 0 1 4 5 
2 3 0 1 4 5 
2 3 0 1 4 5 

第4世代

第0島嶼: 
0: 2 3 5 0 4 1 
 : 0 1 0 0 0 sum = 79.948257
1: 2 1 0 3 4 5 
 : 1 0 1 1 1 sum = 170.786438
2: 2 1 0 3 4 5 
 : 1 0 1 1 1 sum = 170.786438
3: 0 4 5 3 1 2 
 : 1 0 0 0 1 sum = 86.293953
4: 0 4 5 2 3 1 
 : 0 1 0 0 0 sum = 86.094406
5: 2 3 5 4 1 0 
 : 0 1 0 0 1 sum = 101.008850
6: 0 4 5 3 1 2 
 : 1 0 0 0 1 sum = 86.293953
7: 5 4 0 3 1 2 
 : 1 0 1 1 1 sum = 167.625412
8: 0 1 2 3 4 5 
 : 1 0 0 0 1 sum = 91.487915
9: 2 3 5 1 4 0 
 : 0 1 0 0 0 sum = 79.168732
第1島嶼: 
0: 0 4 1 2 5 3 
 : 0 0 0 1 0 sum = 81.647255
1: 4 3 0 1 2 5 
 : 1 0 0 1 0 sum = 105.270569
2: 1 3 0 2 4 5 
 : 1 0 0 0 0 sum = 62.213573
3: 2 3 0 1 5 4 
 : 0 0 0 1 0 sum = 80.727287
4: 1 3 0 2 5 4 
 : 1 0 0 0 0 sum = 64.146523
5: 2 3 0 1 4 5 
 : 0 0 0 1 0 sum = 85.819405
6: 2 3 0 1 4 5 
 : 0 0 0 1 1 sum = 102.592995
7: 2 3 0 1 4 5 
 : 0 0 0 1 1 sum = 102.592995
8: 2 3 0 1 4 5 
 : 0 0 0 1 0 sum = 85.819405
9: 2 3 0 1 4 5 
 : 0 0 0 1 0 sum = 85.819405
第0島嶼: 
取的資料: 4 4
0 4 5 2 3 1 	0 4 5 2 3 1 
交配
選第1個交配
4 4
4 5
5 4
5 5
第一個交換結果
0 4 5 2 3 1 
第二個交換結果
0 4 5 2 3 1 有2個一樣

交配結果
0 4 5 2 3 1 	0 4 5 2 3 1 
取的資料: 2 8
2 1 0 3 4 5 	0 1 2 3 4 5 
交配
選第4個交配
4 4
4 5
5 4
5 5
第一個交換結果
2 1 0 3 4 5 
第二個交換結果
0 1 2 3 4 5 有2個一樣

交配結果
2 1 0 3 4 5 	0 1 2 3 4 5 
取的資料: 9 4
2 3 5 1 4 0 	0 4 5 2 3 1 
沒有交配
取的資料: 4 3
0 4 5 2 3 1 	0 4 5 3 1 2 
交配
選第3個交配
2 3
2 1
3 3
3 1
第一個交換結果
0 4 5 3 1 1 
第二個交換結果
0 4 5 2 3 2 有1個一樣

產生子代: 
交配結果
0 4 5 3 1 2 	0 4 5 2 3 1 
取的資料: 6 9
0 4 5 3 1 2 	2 3 5 1 4 0 
交配
選第0個交配
0 2
0 3
4 2
4 3
第一個交換結果
2 3 5 3 1 2 
第二個交換結果
0 4 5 1 4 0 有0個一樣

產生第一個子代: 2 3 5 4 1 0 
產生第二個子代: 0 4 5 1 3 2 
交配結果
2 3 5 4 1 0 	0 4 5 1 3 2 
第1島嶼: 
取的資料: 8 6
2 3 0 1 4 5 	2 3 0 1 4 5 
交配
選第1個交配
3 3
3 0
0 3
0 0
第一個交換結果
2 3 0 1 4 5 
第二個交換結果
2 3 0 1 4 5 有2個一樣

交配結果
2 3 0 1 4 5 	2 3 0 1 4 5 
取的資料: 9 6
2 3 0 1 4 5 	2 3 0 1 4 5 
沒有交配
取的資料: 9 2
2 3 0 1 4 5 	1 3 0 2 4 5 
沒有交配
取的資料: 4 9
1 3 0 2 5 4 	2 3 0 1 4 5 
沒有交配
取的資料: 6 5
2 3 0 1 4 5 	2 3 0 1 4 5 
沒有交配
***migration***
第0島嶼(OF): 
79.948257 
170.786438 
170.786438 
86.293953 
86.094406 
101.008850 
86.293953 
167.625412 
91.487915 
79.168732 
第1島嶼(OF): 
81.647255 
105.270569 
62.213573 
80.727287 
64.146523 
85.819405 
102.592995 
102.592995 
85.819405 
85.819405 
新的子代
2 3 0 1 4 5 
2 3 0 1 4 5 
2 3 0 4 1 5 
2 3 0 1 4 5 
2 3 0 1 4 5 
0 4 5 2 3 1 
0 4 5 3 1 2 
0 4 5 2 3 1 
2 3 5 4 1 0 
0 4 5 1 3 2 

2 3 0 1 4 5 
2 3 0 1 4 5 
2 3 0 4 1 5 
2 3 0 1 4 5 
2 3 0 1 4 5 
1 3 0 2 4 5 
1 3 0 2 5 4 
2 3 0 1 4 5 
2 3 0 1 4 5 
2 3 0 1 4 5 

第5世代

第0島嶼: 
0: 2 3 0 1 4 5 
 : 0 0 0 1 0 sum = 85.819405
1: 2 3 0 1 4 5 
 : 0 0 0 1 1 sum = 102.592995
2: 2 3 0 4 1 5 
 : 0 0 0 1 1 sum = 109.469704
3: 2 3 0 1 4 5 
 : 0 0 0 1 0 sum = 85.819405
4: 2 3 0 1 4 5 
 : 0 0 0 1 0 sum = 85.819405
5: 0 4 5 2 3 1 
 : 0 1 0 0 0 sum = 86.094406
6: 0 4 5 3 1 2 
 : 0 1 0 0 0 sum = 88.358269
7: 0 4 5 2 3 1 
 : 1 0 0 0 0 sum = 70.519798
8: 2 3 5 4 1 0 
 : 1 0 0 0 1 sum = 82.514435
9: 0 4 5 1 3 2 
 : 1 0 0 0 0 sum = 73.787415
第1島嶼: 
0: 2 3 0 1 4 5 
 : 0 0 0 1 0 sum = 85.819405
1: 2 3 0 1 4 5 
 : 0 0 0 1 1 sum = 102.592995
2: 2 3 0 4 1 5 
 : 0 0 0 1 1 sum = 109.469704
3: 2 3 0 1 4 5 
 : 0 0 0 1 0 sum = 85.819405
4: 2 3 0 1 4 5 
 : 0 0 0 1 0 sum = 85.819405
5: 1 3 0 2 4 5 
 : 1 0 0 0 0 sum = 62.213573
6: 1 3 0 2 5 4 
 : 1 0 0 0 0 sum = 64.146523
7: 2 3 0 1 4 5 
 : 0 0 0 1 0 sum = 85.819405
8: 2 3 0 1 4 5 
 : 0 0 0 1 1 sum = 102.592995
9: 2 3 0 1 4 5 
 : 0 0 0 1 0 sum = 85.819405
第0島嶼: 
取的資料: 2 9
2 3 0 4 1 5 	0 4 5 1 3 2 
交配
選第3個交配
4 1
4 3
1 1
1 3
第一個交換結果
2 3 0 1 3 5 
第二個交換結果
0 4 5 4 1 2 有1個一樣

產生子代: 
交配結果
2 4 0 1 3 5 	0 3 5 4 1 2 
取的資料: 7 4
0 4 5 2 3 1 	2 3 0 1 4 5 
沒有交配
取的資料: 2 9
2 3 0 4 1 5 	0 4 5 1 3 2 
交配
選第3個交配
4 1
4 3
1 1
1 3
第一個交換結果
2 3 0 1 3 5 
第二個交換結果
0 4 5 4 1 2 有1個一樣

產生子代: 
交配結果
2 4 0 1 3 5 	0 3 5 4 1 2 
取的資料: 5 8
0 4 5 2 3 1 	2 3 5 4 1 0 
沒有交配
取的資料: 1 9
2 3 0 1 4 5 	0 4 5 1 3 2 
交配
選第2個交配
0 5
0 1
1 5
1 1
第一個交換結果
2 3 5 1 4 5 
第二個交換結果
0 4 0 1 3 2 有1個一樣

產生子代: 
交配結果
2 3 5 1 4 0 	5 4 0 1 3 2 
第1島嶼: 
取的資料: 7 5
2 3 0 1 4 5 	1 3 0 2 4 5 
交配
選第0個交配
2 1
2 3
3 1
3 3
第一個交換結果
1 3 0 1 4 5 
第二個交換結果
2 3 0 2 4 5 有1個一樣

產生子代: 
交配結果
1 3 0 2 4 5 	2 3 0 1 4 5 
取的資料: 5 8
1 3 0 2 4 5 	2 3 0 1 4 5 
交配
選第0個交配
1 2
1 3
3 2
3 3
第一個交換結果
2 3 0 2 4 5 
第二個交換結果
1 3 0 1 4 5 有1個一樣

產生子代: 
交配結果
2 3 0 1 4 5 	1 3 0 2 4 5 
取的資料: 7 7
2 3 0 1 4 5 	2 3 0 1 4 5 
交配
選第2個交配
0 0
0 1
1 0
1 1
第一個交換結果
2 3 0 1 4 5 
第二個交換結果
2 3 0 1 4 5 有2個一樣

交配結果
2 3 0 1 4 5 	2 3 0 1 4 5 
取的資料: 3 4
2 3 0 1 4 5 	2 3 0 1 4 5 
交配
選第4個交配
4 4
4 5
5 4
5 5
第一個交換結果
2 3 0 1 4 5 
第二個交換結果
2 3 0 1 4 5 有2個一樣

交配結果
2 3 0 1 4 5 	2 3 0 1 4 5 
取的資料: 3 5
2 3 0 1 4 5 	1 3 0 2 4 5 
沒有交配
第0島嶼(OF): 
85.819405 
102.592995 
109.469704 
85.819405 
85.819405 
86.094406 
88.358269 
70.519798 
82.514435 
73.787415 
第1島嶼(OF): 
85.819405 
102.592995 
109.469704 
85.819405 
85.819405 
62.213573 
64.146523 
85.819405 
102.592995 
85.819405 
新的子代
2 4 0 1 3 5 
0 3 5 4 1 2 
3 4 5 2 0 1 
2 3 0 1 4 5 
2 4 0 1 3 5 
0 3 5 4 1 2 
0 4 5 2 3 1 
2 3 5 4 1 0 
2 3 5 1 4 0 
5 4 0 1 3 2 

1 3 0 2 4 5 
2 3 0 1 4 5 
2 3 0 1 4 5 
1 3 0 2 4 5 
2 3 0 1 4 5 
2 3 0 1 4 5 
2 3 0 1 4 5 
2 3 0 1 4 5 
2 3 0 1 4 5 
1 3 0 2 4 5 

第6世代

第0島嶼: 
0: 2 4 0 1 3 5 
 : 0 0 0 1 1 sum = 102.681976
1: 0 3 5 4 1 2 
 : 1 0 0 1 1 sum = 119.505585
2: 3 4 5 2 0 1 
 : 1 0 0 0 0 sum = 67.034012
3: 2 3 0 1 4 5 
 : 0 0 0 1 0 sum = 85.819405
4: 2 4 0 1 3 5 
 : 1 0 0 1 1 sum = 123.986351
5: 0 3 5 4 1 2 
 : 1 0 0 1 1 sum = 119.505585
6: 0 4 5 2 3 1 
 : 0 1 0 0 0 sum = 86.094406
7: 2 3 5 4 1 0 
 : 1 0 0 0 1 sum = 82.514435
8: 2 3 5 1 4 0 
 : 0 0 0 1 1 sum = 107.972885
9: 5 4 0 1 3 2 
 : 1 0 0 1 0 sum = 105.012070
第1島嶼: 
0: 1 3 0 2 4 5 
 : 0 0 0 1 0 sum = 82.286339
1: 2 3 0 1 4 5 
 : 0 0 0 0 0 sum = 52.500000
2: 2 3 0 1 4 5 
 : 1 0 0 0 0 sum = 62.634590
3: 1 3 0 2 4 5 
 : 1 0 0 1 1 sum = 118.109459
4: 2 3 0 1 4 5 
 : 0 0 0 1 0 sum = 85.819405
5: 2 3 0 1 4 5 
 : 0 0 0 1 0 sum = 85.819405
6: 2 3 0 1 4 5 
 : 0 0 0 1 0 sum = 85.819405
7: 2 3 0 1 4 5 
 : 0 0 0 1 0 sum = 85.819405
8: 2 3 0 1 4 5 
 : 0 0 0 1 0 sum = 85.819405
9: 1 3 0 2 4 5 
 : 1 0 0 0 0 sum = 62.213573
第0島嶼: 
取的資料: 1 7
0 3 5 4 1 2 	2 3 5 4 1 0 
交配
選第2個交配
5 5
5 4
4 5
4 4
第一個交換結果
0 3 5 4 1 2 
第二個交換結果
2 3 5 4 1 0 有2個一樣

交配結果
0 3 5 4 1 2 	2 3 5 4 1 0 
取的資料: 8 1
2 3 5 1 4 0 	0 3 5 4 1 2 
交配
選第0個交配
2 0
2 3
3 0
3 3
第一個交換結果
0 3 5 1 4 0 
第二個交換結果
2 3 5 4 1 2 有1個一樣

產生子代: 
交配結果
0 3 5 1 4 2 	2 3 5 4 1 0 
取的資料: 8 5
2 3 5 1 4 0 	0 3 5 4 1 2 
交配
選第2個交配
5 5
5 4
1 5
1 4
第一個交換結果
2 3 5 4 4 0 
第二個交換結果
0 3 5 1 1 2 有1個一樣

產生子代: 
交配結果
2 3 5 4 1 0 	0 3 5 1 4 2 
取的資料: 6 9
0 4 5 2 3 1 	5 4 0 1 3 2 
交配
選第3個交配
2 1
2 3
3 1
3 3
第一個交換結果
0 4 5 1 3 1 
第二個交換結果
5 4 0 2 3 2 有1個一樣

產生子代: 
交配結果
0 4 5 1 3 2 	5 4 0 2 3 1 
取的資料: 9 3
5 4 0 1 3 2 	2 3 0 1 4 5 
沒有交配
第1島嶼: 
取的資料: 9 9
1 3 0 2 4 5 	1 3 0 2 4 5 
沒有交配
取的資料: 5 9
2 3 0 1 4 5 	1 3 0 2 4 5 
交配
選第4個交配
4 4
4 5
5 4
5 5
第一個交換結果
2 3 0 1 4 5 
第二個交換結果
1 3 0 2 4 5 有2個一樣

交配結果
2 3 0 1 4 5 	1 3 0 2 4 5 
取的資料: 9 4
1 3 0 2 4 5 	2 3 0 1 4 5 
交配
選第3個交配
2 1
2 4
4 1
4 4
第一個交換結果
1 3 0 1 4 5 
第二個交換結果
2 3 0 2 4 5 有1個一樣

產生子代: 
交配結果
2 3 0 1 4 5 	1 3 0 2 4 5 
取的資料: 7 9
2 3 0 1 4 5 	1 3 0 2 4 5 
交配
選第4個交配
4 4
4 5
5 4
5 5
第一個交換結果
2 3 0 1 4 5 
第二個交換結果
1 3 0 2 4 5 有2個一樣

交配結果
2 3 0 1 4 5 	1 3 0 2 4 5 
取的資料: 9 6
1 3 0 2 4 5 	2 3 0 1 4 5 
交配
選第2個交配
0 0
0 1
2 0
2 1
第一個交換結果
1 3 0 1 4 5 
第二個交換結果
2 3 0 2 4 5 有1個一樣

產生子代: 
交配結果
2 3 0 1 4 5 	1 3 0 2 4 5 
第0島嶼(OF): 
102.681976 
119.505585 
67.034012 
85.819405 
123.986351 
119.505585 
86.094406 
82.514435 
107.972885 
105.012070 
第1島嶼(OF): 
82.286339 
52.500000 
62.634590 
118.109459 
85.819405 
85.819405 
85.819405 
85.819405 
85.819405 
62.213573 
新的子代
0 3 5 4 1 2 
2 3 5 4 1 0 
0 3 5 1 4 2 
2 3 5 4 1 0 
2 3 5 4 1 0 
0 3 5 1 4 2 
0 4 5 1 3 2 
5 4 0 2 3 1 
5 4 0 1 3 2 
2 3 0 1 4 5 

1 3 0 2 4 5 
1 3 0 2 4 5 
2 3 0 1 4 5 
1 3 0 2 4 5 
2 3 0 1 4 5 
1 3 0 2 4 5 
2 3 0 1 4 5 
1 3 0 2 4 5 
2 3 0 1 4 5 
1 3 0 2 4 5 

第7世代

第0島嶼: 
0: 0 3 5 4 1 2 
 : 1 0 0 1 1 sum = 119.505585
1: 2 3 5 4 1 0 
 : 1 0 0 1 1 sum = 122.714844
2: 0 3 5 1 4 2 
 : 0 0 0 1 1 sum = 103.951775
3: 2 3 5 4 1 0 
 : 0 0 0 1 1 sum = 107.969505
4: 2 3 5 4 1 0 
 : 1 0 0 1 1 sum = 122.714844
5: 0 3 5 1 4 2 
 : 1 0 0 1 1 sum = 127.674271
6: 0 4 5 1 3 2 
 : 0 1 0 0 0 sum = 91.647636
7: 5 4 0 2 3 1 
 : 1 0 0 0 0 sum = 71.878906
8: 5 4 0 1 3 2 
 : 1 0 0 1 0 sum = 105.012070
9: 2 3 0 1 4 5 
 : 0 0 0 1 0 sum = 85.819405
第1島嶼: 
0: 1 3 0 2 4 5 
 : 1 0 0 0 0 sum = 62.213573
1: 1 3 0 2 4 5 
 : 1 0 0 0 1 sum = 83.303802
2: 2 3 0 1 4 5 
 : 0 0 0 1 0 sum = 85.819405
3: 1 3 0 2 4 5 
 : 1 0 0 0 0 sum = 62.213573
4: 2 3 0 1 4 5 
 : 1 0 0 0 0 sum = 62.634590
5: 1 3 0 2 4 5 
 : 0 0 0 0 0 sum = 48.000000
6: 2 3 0 1 4 5 
 : 0 0 0 1 0 sum = 85.819405
7: 1 3 0 2 4 5 
 : 1 0 0 0 0 sum = 62.213573
8: 2 3 0 1 4 5 
 : 1 0 0 0 0 sum = 62.634590
9: 1 3 0 2 4 5 
 : 0 0 0 0 0 sum = 48.000000
第0島嶼: 
取的資料: 6 7
0 4 5 1 3 2 	5 4 0 2 3 1 
交配
選第1個交配
4 4
4 0
5 4
5 0
第一個交換結果
0 4 0 1 3 2 
第二個交換結果
5 4 5 2 3 1 有1個一樣

產生子代: 
交配結果
5 4 0 1 3 2 	0 4 5 2 3 1 
取的資料: 6 7
0 4 5 1 3 2 	5 4 0 2 3 1 
沒有交配
取的資料: 7 7
5 4 0 2 3 1 	5 4 0 2 3 1 
沒有交配
取的資料: 1 6
2 3 5 4 1 0 	0 4 5 1 3 2 
沒有交配
取的資料: 9 7
2 3 0 1 4 5 	5 4 0 2 3 1 
交配
選第2個交配
0 0
0 2
1 0
1 2
第一個交換結果
2 3 0 2 4 5 
第二個交換結果
5 4 0 1 3 1 有1個一樣

產生子代: 
交配結果
1 3 0 2 4 5 	5 4 0 1 3 2 
第1島嶼: 
取的資料: 5 8
1 3 0 2 4 5 	2 3 0 1 4 5 
沒有交配
取的資料: 5 9
1 3 0 2 4 5 	1 3 0 2 4 5 
交配
選第1個交配
3 3
3 0
0 3
0 0
第一個交換結果
1 3 0 2 4 5 
第二個交換結果
1 3 0 2 4 5 有2個一樣

交配結果
1 3 0 2 4 5 	1 3 0 2 4 5 
取的資料: 5 7
1 3 0 2 4 5 	1 3 0 2 4 5 
交配
選第1個交配
3 3
3 0
0 3
0 0
第一個交換結果
1 3 0 2 4 5 
第二個交換結果
1 3 0 2 4 5 有2個一樣

交配結果
1 3 0 2 4 5 	1 3 0 2 4 5 
取的資料: 3 4
1 3 0 2 4 5 	2 3 0 1 4 5 
交配
選第4個交配
4 4
4 5
5 4
5 5
第一個交換結果
1 3 0 2 4 5 
第二個交換結果
2 3 0 1 4 5 有2個一樣

交配結果
1 3 0 2 4 5 	2 3 0 1 4 5 
取的資料: 9 9
1 3 0 2 4 5 	1 3 0 2 4 5 
交配
選第3個交配
2 2
2 4
4 2
4 4
第一個交換結果
1 3 0 2 4 5 
第二個交換結果
1 3 0 2 4 5 有2個一樣

交配結果
1 3 0 2 4 5 	1 3 0 2 4 5 
第0島嶼(OF): 
119.505585 
122.714844 
103.951775 
107.969505 
122.714844 
127.674271 
91.647636 
71.878906 
105.012070 
85.819405 
第1島嶼(OF): 
62.213573 
83.303802 
85.819405 
62.213573 
62.634590 
48.000000 
85.819405 
62.213573 
62.634590 
48.000000 
新的子代
5 4 0 1 3 2 
0 4 5 2 3 1 
0 4 5 1 3 2 
5 4 0 2 3 1 
5 4 0 2 3 1 
5 4 0 2 3 1 
2 3 5 4 1 0 
0 4 5 1 3 2 
1 3 0 2 4 5 
5 4 0 1 3 2 

1 3 0 2 4 5 
2 3 0 1 4 5 
1 3 0 2 4 5 
1 3 0 2 4 5 
1 3 0 2 4 5 
1 3 0 2 4 5 
1 3 0 2 4 5 
2 3 0 1 4 5 
1 3 0 2 4 5 
1 3 0 2 4 5 

第8世代

第0島嶼: 
0: 5 4 0 1 3 2 
 : 0 1 0 0 0 sum = 88.962929
1: 0 4 5 2 3 1 
 : 1 1 0 0 0 sum = 105.614761
2: 0 4 5 1 3 2 
 : 0 1 0 0 0 sum = 91.647636
3: 5 4 0 2 3 1 
 : 1 0 0 0 0 sum = 71.878906
4: 5 4 0 2 3 1 
 : 1 0 0 0 0 sum = 71.878906
5: 5 4 0 2 3 1 
 : 1 0 0 0 0 sum = 71.878906
6: 2 3 5 4 1 0 
 : 1 0 0 1 1 sum = 122.714844
7: 0 4 5 1 3 2 
 : 0 1 0 0 0 sum = 91.647636
8: 1 3 0 2 4 5 
 : 0 0 0 1 0 sum = 82.286339
9: 5 4 0 1 3 2 
 : 1 0 0 1 0 sum = 105.012070
第1島嶼: 
0: 1 3 0 2 4 5 
 : 0 0 0 0 0 sum = 48.000000
1: 2 3 0 1 4 5 
 : 1 0 0 0 0 sum = 62.634590
2: 1 3 0 2 4 5 
 : 0 0 0 0 0 sum = 48.000000
3: 1 3 0 2 4 5 
 : 0 0 0 1 0 sum = 82.286339
4: 1 3 0 2 4 5 
 : 0 0 0 0 0 sum = 48.000000
5: 1 3 0 2 4 5 
 : 1 0 0 0 0 sum = 62.213573
6: 1 3 0 2 4 5 
 : 0 0 0 0 0 sum = 48.000000
7: 2 3 0 1 4 5 
 : 1 0 0 0 0 sum = 62.634590
8: 1 3 0 2 4 5 
 : 0 0 0 0 0 sum = 48.000000
9: 1 3 0 2 4 5 
 : 0 0 0 0 0 sum = 48.000000
第0島嶼: 
取的資料: 1 9
0 4 5 2 3 1 	5 4 0 1 3 2 
交配
選第3個交配
2 1
2 3
3 1
3 3
第一個交換結果
0 4 5 1 3 1 
第二個交換結果
5 4 0 2 3 2 有1個一樣

產生子代: 
交配結果
0 4 5 1 3 2 	5 4 0 2 3 1 
取的資料: 9 4
5 4 0 1 3 2 	5 4 0 2 3 1 
交配
選第3個交配
1 2
1 3
3 2
3 3
第一個交換結果
5 4 0 2 3 2 
第二個交換結果
5 4 0 1 3 1 有1個一樣

產生子代: 
交配結果
5 4 0 2 3 1 	5 4 0 1 3 2 
取的資料: 3 1
5 4 0 2 3 1 	0 4 5 2 3 1 
沒有交配
取的資料: 4 6
5 4 0 2 3 1 	2 3 5 4 1 0 
交配
選第3個交配
2 4
2 1
3 4
3 1
第一個交換結果
5 4 0 4 1 1 
第二個交換結果
2 3 5 2 3 0 有0個一樣

產生第一個子代: 5 2 0 4 1 3 
產生第二個子代: 4 1 5 2 3 0 
交配結果
5 2 0 4 1 3 	4 1 5 2 3 0 
取的資料: 8 6
1 3 0 2 4 5 	2 3 5 4 1 0 
交配
選第0個交配
1 2
1 3
3 2
3 3
第一個交換結果
2 3 0 2 4 5 
第二個交換結果
1 3 5 4 1 0 有1個一樣

產生子代: 
交配結果
2 3 0 1 4 5 	1 3 5 4 2 0 
第1島嶼: 
取的資料: 9 2
1 3 0 2 4 5 	1 3 0 2 4 5 
交配
選第4個交配
4 4
4 5
5 4
5 5
第一個交換結果
1 3 0 2 4 5 
第二個交換結果
1 3 0 2 4 5 有2個一樣

交配結果
1 3 0 2 4 5 	1 3 0 2 4 5 
取的資料: 9 7
1 3 0 2 4 5 	2 3 0 1 4 5 
交配
選第4個交配
4 4
4 5
5 4
5 5
第一個交換結果
1 3 0 2 4 5 
第二個交換結果
2 3 0 1 4 5 有2個一樣

交配結果
1 3 0 2 4 5 	2 3 0 1 4 5 
取的資料: 2 4
1 3 0 2 4 5 	1 3 0 2 4 5 
沒有交配
取的資料: 1 9
2 3 0 1 4 5 	1 3 0 2 4 5 
交配
選第0個交配
2 1
2 3
3 1
3 3
第一個交換結果
1 3 0 1 4 5 
第二個交換結果
2 3 0 2 4 5 有1個一樣

產生子代: 
交配結果
1 3 0 2 4 5 	2 3 0 1 4 5 
取的資料: 6 6
1 3 0 2 4 5 	1 3 0 2 4 5 
交配
選第3個交配
2 2
2 4
4 2
4 4
第一個交換結果
1 3 0 2 4 5 
第二個交換結果
1 3 0 2 4 5 有2個一樣

交配結果
1 3 0 2 4 5 	1 3 0 2 4 5 
第0島嶼(OF): 
88.962929 
105.614761 
91.647636 
71.878906 
71.878906 
71.878906 
122.714844 
91.647636 
82.286339 
105.012070 
第1島嶼(OF): 
48.000000 
62.634590 
48.000000 
82.286339 
48.000000 
62.213573 
48.000000 
62.634590 
48.000000 
48.000000 
新的子代
0 4 5 1 3 2 
5 4 0 2 3 1 
5 4 0 2 3 1 
5 4 0 1 3 2 
5 4 0 2 3 1 
0 4 5 2 3 1 
5 2 0 4 1 3 
4 1 5 2 3 0 
2 3 0 1 4 5 
1 3 5 4 2 0 

1 3 0 2 4 5 
1 3 0 2 4 5 
1 3 0 2 4 5 
2 3 0 1 4 5 
1 3 0 2 4 5 
1 3 0 2 4 5 
1 3 0 2 4 5 
2 3 0 1 4 5 
1 3 0 2 4 5 
1 3 0 2 4 5 

第9世代

第0島嶼: 
0: 0 4 5 1 3 2 
 : 1 1 0 0 0 sum = 111.217255
1: 5 4 0 2 3 1 
 : 1 0 0 0 0 sum = 71.878906
2: 5 4 0 2 3 1 
 : 1 0 0 1 0 sum = 98.313507
3: 5 4 0 1 3 2 
 : 1 0 0 1 0 sum = 105.012070
4: 5 4 0 2 3 1 
 : 1 0 0 0 0 sum = 71.878906
5: 0 4 5 2 3 1 
 : 1 1 0 0 0 sum = 105.614761
6: 5 2 0 4 1 3 
 : 1 0 0 0 0 sum = 67.835175
7: 4 1 5 2 3 0 
 : 1 0 0 0 0 sum = 74.228294
8: 2 3 0 1 4 5 
 : 0 0 0 1 0 sum = 85.819405
9: 1 3 5 4 2 0 
 : 0 0 0 1 1 sum = 110.934555
第1島嶼: 
0: 1 3 0 2 4 5 
 : 0 0 0 0 0 sum = 48.000000
1: 1 3 0 2 4 5 
 : 0 0 0 0 0 sum = 48.000000
2: 1 3 0 2 4 5 
 : 0 0 0 0 0 sum = 48.000000
3: 2 3 0 1 4 5 
 : 1 0 0 0 0 sum = 62.634590
4: 1 3 0 2 4 5 
 : 0 0 0 0 0 sum = 48.000000
5: 1 3 0 2 4 5 
 : 0 0 0 0 0 sum = 48.000000
6: 1 3 0 2 4 5 
 : 1 0 0 0 0 sum = 62.213573
7: 2 3 0 1 4 5 
 : 1 0 0 0 0 sum = 62.634590
8: 1 3 0 2 4 5 
 : 0 0 0 0 0 sum = 48.000000
9: 1 3 0 2 4 5 
 : 0 0 0 0 0 sum = 48.000000
第0島嶼: 
取的資料: 2 7
5 4 0 2 3 1 	4 1 5 2 3 0 
沒有交配
取的資料: 9 1
1 3 5 4 2 0 	5 4 0 2 3 1 
交配
選第2個交配
5 0
5 2
4 0
4 2
第一個交換結果
1 3 0 2 2 0 
第二個交換結果
5 4 5 4 3 1 有0個一樣

產生第一個子代: 1 3 0 2 4 5 
產生第二個子代: 0 2 5 4 3 1 
交配結果
1 3 0 2 4 5 	0 2 5 4 3 1 
取的資料: 1 9
5 4 0 2 3 1 	1 3 5 4 2 0 
沒有交配
取的資料: 7 1
4 1 5 2 3 0 	5 4 0 2 3 1 
沒有交配
取的資料: 7 6
4 1 5 2 3 0 	5 2 0 4 1 3 
沒有交配
第1島嶼: 
取的資料: 9 6
1 3 0 2 4 5 	1 3 0 2 4 5 
交配
選第3個交配
2 2
2 4
4 2
4 4
第一個交換結果
1 3 0 2 4 5 
第二個交換結果
1 3 0 2 4 5 有2個一樣

交配結果
1 3 0 2 4 5 	1 3 0 2 4 5 
取的資料: 9 8
1 3 0 2 4 5 	1 3 0 2 4 5 
交配
選第2個交配
0 0
0 2
2 0
2 2
第一個交換結果
1 3 0 2 4 5 
第二個交換結果
1 3 0 2 4 5 有2個一樣

交配結果
1 3 0 2 4 5 	1 3 0 2 4 5 
取的資料: 5 8
1 3 0 2 4 5 	1 3 0 2 4 5 
沒有交配
取的資料: 2 2
1 3 0 2 4 5 	1 3 0 2 4 5 
沒有交配
取的資料: 9 3
1 3 0 2 4 5 	2 3 0 1 4 5 
沒有交配
***migration***
第0島嶼(OF): 
111.217255 
71.878906 
98.313507 
105.012070 
71.878906 
105.614761 
67.835175 
74.228294 
85.819405 
110.934555 
第1島嶼(OF): 
48.000000 
48.000000 
48.000000 
62.634590 
48.000000 
48.000000 
62.213573 
62.634590 
48.000000 
48.000000 
新的子代
1 3 0 2 4 5 
1 3 0 2 4 5 
1 3 0 2 4 5 
1 3 0 2 4 5 
1 3 0 2 4 5 
1 3 5 4 2 0 
4 1 5 2 3 0 
5 4 0 2 3 1 
4 1 5 2 3 0 
5 2 0 4 1 3 

1 3 0 2 4 5 
1 3 0 2 4 5 
1 3 0 2 4 5 
1 3 0 2 4 5 
1 3 0 2 4 5 
1 3 0 2 4 5 
1 3 0 2 4 5 
1 3 0 2 4 5 
1 3 0 2 4 5 
2 3 0 1 4 5 

第10世代

第0島嶼: 
0: 1 3 0 2 4 5 
 : 1 0 0 0 0 sum = 62.213573
1: 1 3 0 2 4 5 
 : 0 0 0 0 0 sum = 48.000000
2: 1 3 0 2 4 5 
 : 0 0 0 0 0 sum = 48.000000
3: 1 3 0 2 4 5 
 : 0 0 0 0 0 sum = 48.000000
4: 1 3 0 2 4 5 
 : 0 0 0 0 0 sum = 48.000000
5: 1 3 5 4 2 0 
 : 0 0 0 1 1 sum = 110.934555
6: 4 1 5 2 3 0 
 : 1 0 0 0 0 sum = 74.228294
7: 5 4 0 2 3 1 
 : 1 0 0 0 0 sum = 71.878906
8: 4 1 5 2 3 0 
 : 1 0 0 0 0 sum = 74.228294
9: 5 2 0 4 1 3 
 : 1 0 0 0 0 sum = 67.835175
第1島嶼: 
0: 1 3 0 2 4 5 
 : 1 0 0 0 0 sum = 62.213573
1: 1 3 0 2 4 5 
 : 0 0 0 0 0 sum = 48.000000
2: 1 3 0 2 4 5 
 : 0 0 0 0 0 sum = 48.000000
3: 1 3 0 2 4 5 
 : 0 0 0 0 0 sum = 48.000000
4: 1 3 0 2 4 5 
 : 0 0 0 0 0 sum = 48.000000
5: 1 3 0 2 4 5 
 : 0 0 0 0 0 sum = 48.000000
6: 1 3 0 2 4 5 
 : 0 0 0 0 0 sum = 48.000000
7: 1 3 0 2 4 5 
 : 0 0 0 0 0 sum = 48.000000
8: 1 3 0 2 4 5 
 : 0 0 0 0 0 sum = 48.000000
9: 2 3 0 1 4 5 
 : 1 0 0 0 0 sum = 62.634590
第0島嶼: 
取的資料: 4 4
1 3 0 2 4 5 	1 3 0 2 4 5 
交配
選第0個交配
1 1
1 3
3 1
3 3
第一個交換結果
1 3 0 2 4 5 
第二個交換結果
1 3 0 2 4 5 有2個一樣

交配結果
1 3 0 2 4 5 	1 3 0 2 4 5 
取的資料: 3 1
1 3 0 2 4 5 	1 3 0 2 4 5 
交配
選第1個交配
3 3
3 0
0 3
0 0
第一個交換結果
1 3 0 2 4 5 
第二個交換結果
1 3 0 2 4 5 有2個一樣

交配結果
1 3 0 2 4 5 	1 3 0 2 4 5 
取的資料: 2 5
1 3 0 2 4 5 	1 3 5 4 2 0 
沒有交配
取的資料: 9 9
5 2 0 4 1 3 	5 2 0 4 1 3 
交配
選第4個交配
1 1
1 3
3 1
3 3
第一個交換結果
5 2 0 4 1 3 
第二個交換結果
5 2 0 4 1 3 有2個一樣

交配結果
5 2 0 4 1 3 	5 2 0 4 1 3 
取的資料: 2 1
1 3 0 2 4 5 	1 3 0 2 4 5 
交配
選第1個交配
3 3
3 0
0 3
0 0
第一個交換結果
1 3 0 2 4 5 
第二個交換結果
1 3 0 2 4 5 有2個一樣

交配結果
1 3 0 2 4 5 	1 3 0 2 4 5 
第1島嶼: 
取的資料: 3 5
1 3 0 2 4 5 	1 3 0 2 4 5 
交配
選第4個交配
4 4
4 5
5 4
5 5
第一個交換結果
1 3 0 2 4 5 
第二個交換結果
1 3 0 2 4 5 有2個一樣

交配結果
1 3 0 2 4 5 	1 3 0 2 4 5 
取的資料: 6 5
1 3 0 2 4 5 	1 3 0 2 4 5 
沒有交配
取的資料: 6 5
1 3 0 2 4 5 	1 3 0 2 4 5 
沒有交配
取的資料: 1 6
1 3 0 2 4 5 	1 3 0 2 4 5 
沒有交配
取的資料: 8 1
1 3 0 2 4 5 	1 3 0 2 4 5 
交配
選第3個交配
2 2
2 4
4 2
4 4
第一個交換結果
1 3 0 2 4 5 
第二個交換結果
1 3 0 2 4 5 有2個一樣

交配結果
1 3 0 2 4 5 	1 3 0 2 4 5 
第0島嶼(OF): 
62.213573 
48.000000 
48.000000 
48.000000 
48.000000 
110.934555 
74.228294 
71.878906 
74.228294 
67.835175 
第1島嶼(OF): 
62.213573 
48.000000 
48.000000 
48.000000 
48.000000 
48.000000 
48.000000 
48.000000 
48.000000 
62.634590 
新的子代
1 3 0 2 4 5 
1 3 0 2 4 5 
1 3 0 2 4 5 
1 3 0 2 4 5 
1 3 0 2 4 5 
1 3 5 4 2 0 
5 2 0 4 1 3 
5 2 0 4 1 3 
1 3 0 2 4 5 
5 3 0 2 4 1 

1 3 0 2 4 5 
1 3 0 2 4 5 
1 3 0 2 4 5 
1 3 0 2 4 5 
1 3 0 2 4 5 
1 3 0 2 4 5 
1 3 0 2 4 5 
1 3 0 2 4 5 
1 3 0 2 4 5 
1 3 0 2 4 5 

第11世代

第0島嶼: 
0: 1 3 0 2 4 5 
 : 0 0 0 0 0 sum = 48.000000
1: 1 3 0 2 4 5 
 : 0 0 0 0 0 sum = 48.000000
2: 1 3 0 2 4 5 
 : 0 0 0 0 0 sum = 48.000000
3: 1 3 0 2 4 5 
 : 0 0 0 0 0 sum = 48.000000
4: 1 3 0 2 4 5 
 : 0 0 0 0 0 sum = 48.000000
5: 1 3 5 4 2 0 
 : 0 0 0 1 1 sum = 110.934555
6: 5 2 0 4 1 3 
 : 1 0 0 0 0 sum = 67.835175
7: 5 2 0 4 1 3 
 : 1 0 0 0 0 sum = 67.835175
8: 1 3 0 2 4 5 
 : 0 0 0 0 0 sum = 48.000000
9: 5 3 0 2 4 1 
 : 0 0 0 0 0 sum = 52.000000
第1島嶼: 
0: 1 3 0 2 4 5 
 : 0 0 0 0 0 sum = 48.000000
1: 1 3 0 2 4 5 
 : 0 0 0 0 0 sum = 48.000000
2: 1 3 0 2 4 5 
 : 0 0 0 0 0 sum = 48.000000
3: 1 3 0 2 4 5 
 : 0 0 0 0 0 sum = 48.000000
4: 1 3 0 2 4 5 
 : 0 1 0 0 0 sum = 78.270782
5: 1 3 0 2 4 5 
 : 0 0 0 0 0 sum = 48.000000
6: 1 3 0 2 4 5 
 : 0 0 0 0 0 sum = 48.000000
7: 1 3 0 2 4 5 
 : 0 0 0 0 0 sum = 48.000000
8: 1 3 0 2 4 5 
 : 0 0 0 0 0 sum = 48.000000
9: 1 3 0 2 4 5 
 : 0 0 0 0 0 sum = 48.000000
第0島嶼: 
取的資料: 3 3
1 3 0 2 4 5 	1 3 0 2 4 5 
沒有交配
取的資料: 1 9
1 3 0 2 4 5 	5 3 0 2 4 1 
交配
選第4個交配
4 4
4 1
5 4
5 1
第一個交換結果
1 3 0 2 4 1 
第二個交換結果
5 3 0 2 4 5 有1個一樣

產生子代: 
交配結果
5 3 0 2 4 1 	1 3 0 2 4 5 
取的資料: 3 4
1 3 0 2 4 5 	1 3 0 2 4 5 
交配
選第0個交配
1 1
1 3
3 1
3 3
第一個交換結果
1 3 0 2 4 5 
第二個交換結果
1 3 0 2 4 5 有2個一樣

交配結果
1 3 0 2 4 5 	1 3 0 2 4 5 
取的資料: 7 9
5 2 0 4 1 3 	5 3 0 2 4 1 
沒有交配
取的資料: 4 4
1 3 0 2 4 5 	1 3 0 2 4 5 
交配
選第2個交配
0 0
0 2
2 0
2 2
第一個交換結果
1 3 0 2 4 5 
第二個交換結果
1 3 0 2 4 5 有2個一樣

交配結果
1 3 0 2 4 5 	1 3 0 2 4 5 
第1島嶼: 
取的資料: 8 4
1 3 0 2 4 5 	1 3 0 2 4 5 
沒有交配
取的資料: 3 1
1 3 0 2 4 5 	1 3 0 2 4 5 
沒有交配
取的資料: 7 1
1 3 0 2 4 5 	1 3 0 2 4 5 
沒有交配
取的資料: 9 9
1 3 0 2 4 5 	1 3 0 2 4 5 
交配
選第1個交配
3 3
3 0
0 3
0 0
第一個交換結果
1 3 0 2 4 5 
第二個交換結果
1 3 0 2 4 5 有2個一樣

交配結果
1 3 0 2 4 5 	1 3 0 2 4 5 
取的資料: 9 2
1 3 0 2 4 5 	1 3 0 2 4 5 
沒有交配
第0島嶼(OF): 
48.000000 
48.000000 
48.000000 
48.000000 
48.000000 
110.934555 
67.835175 
67.835175 
48.000000 
52.000000 
第1島嶼(OF): 
48.000000 
48.000000 
48.000000 
48.000000 
78.270782 
48.000000 
48.000000 
48.000000 
48.000000 
48.000000 
新的子代
1 3 0 2 4 5 
1 3 0 2 4 5 
5 3 0 2 4 1 
1 3 0 2 4 5 
1 3 0 2 4 5 
1 3 0 2 4 5 
5 2 0 4 1 3 
5 3 0 2 4 1 
1 3 0 2 4 5 
1 3 0 2 4 5 

1 3 0 2 4 5 
1 3 0 2 4 5 
1 3 0 2 4 5 
1 3 0 2 4 5 
1 3 0 2 4 5 
1 3 0 2 4 5 
1 3 0 2 4 5 
1 3 0 2 4 5 
1 3 0 2 4 5 
1 3 0 2 4 5 

第12世代

第0島嶼: 
0: 1 3 0 2 4 5 
 : 0 0 0 0 0 sum = 48.000000
1: 1 3 0 2 4 5 
 : 0 0 0 0 0 sum = 48.000000
2: 5 3 0 2 4 1 
 : 0 0 0 0 0 sum = 52.000000
3: 1 3 0 2 4 5 
 : 0 0 0 0 0 sum = 48.000000
4: 1 3 0 2 4 5 
 : 0 0 0 0 0 sum = 48.000000
5: 1 3 0 2 4 5 
 : 0 0 0 0 0 sum = 48.000000
6: 5 2 0 4 1 3 
 : 1 0 0 0 0 sum = 67.835175
7: 5 3 0 2 4 1 
 : 0 0 0 0 0 sum = 52.000000
8: 1 3 0 2 4 5 
 : 0 0 0 0 0 sum = 48.000000
9: 1 3 0 2 4 5 
 : 0 0 0 0 0 sum = 48.000000
第1島嶼: 
0: 1 3 0 2 4 5 
 : 0 0 0 0 0 sum = 48.000000
1: 1 3 0 2 4 5 
 : 0 1 0 0 0 sum = 78.270782
2: 1 3 0 2 4 5 
 : 0 0 0 0 0 sum = 48.000000
3: 1 3 0 2 4 5 
 : 0 0 0 0 0 sum = 48.000000
4: 1 3 0 2 4 5 
 : 0 0 0 0 0 sum = 48.000000
5: 1 3 0 2 4 5 
 : 0 0 0 0 0 sum = 48.000000
6: 1 3 0 2 4 5 
 : 0 0 0 0 0 sum = 48.000000
7: 1 3 0 2 4 5 
 : 0 0 0 0 0 sum = 48.000000
8: 1 3 0 2 4 5 
 : 0 0 0 0 0 sum = 48.000000
9: 1 3 0 2 4 5 
 : 0 0 0 0 0 sum = 48.000000
第0島嶼: 
取的資料: 8 9
1 3 0 2 4 5 	1 3 0 2 4 5 
沒有交配
取的資料: 5 4
1 3 0 2 4 5 	1 3 0 2 4 5 
交配
選第4個交配
4 4
4 5
5 4
5 5
第一個交換結果
1 3 0 2 4 5 
第二個交換結果
1 3 0 2 4 5 有2個一樣

交配結果
1 3 0 2 4 5 	1 3 0 2 4 5 
取的資料: 9 6
1 3 0 2 4 5 	5 2 0 4 1 3 
沒有交配
取的資料: 7 5
5 3 0 2 4 1 	1 3 0 2 4 5 
沒有交配
取的資料: 4 1
1 3 0 2 4 5 	1 3 0 2 4 5 
交配
選第2個交配
0 0
0 2
2 0
2 2
第一個交換結果
1 3 0 2 4 5 
第二個交換結果
1 3 0 2 4 5 有2個一樣

交配結果
1 3 0 2 4 5 	1 3 0 2 4 5 
第1島嶼: 
取的資料: 2 9
1 3 0 2 4 5 	1 3 0 2 4 5 
交配
選第4個交配
4 4
4 5
5 4
5 5
第一個交換結果
1 3 0 2 4 5 
第二個交換結果
1 3 0 2 4 5 有2個一樣

交配結果
1 3 0 2 4 5 	1 3 0 2 4 5 
取的資料: 5 6
1 3 0 2 4 5 	1 3 0 2 4 5 
交配
選第2個交配
0 0
0 2
2 0
2 2
第一個交換結果
1 3 0 2 4 5 
第二個交換結果
1 3 0 2 4 5 有2個一樣

交配結果
1 3 0 2 4 5 	1 3 0 2 4 5 
取的資料: 2 4
1 3 0 2 4 5 	1 3 0 2 4 5 
交配
選第1個交配
3 3
3 0
0 3
0 0
第一個交換結果
1 3 0 2 4 5 
第二個交換結果
1 3 0 2 4 5 有2個一樣

交配結果
1 3 0 2 4 5 	1 3 0 2 4 5 
取的資料: 4 6
1 3 0 2 4 5 	1 3 0 2 4 5 
交配
選第0個交配
1 1
1 3
3 1
3 3
第一個交換結果
1 3 0 2 4 5 
第二個交換結果
1 3 0 2 4 5 有2個一樣

交配結果
1 3 0 2 4 5 	1 3 0 2 4 5 
取的資料: 7 6
1 3 0 2 4 5 	1 3 0 2 4 5 
交配
選第0個交配
1 1
1 3
3 1
3 3
第一個交換結果
1 3 0 2 4 5 
第二個交換結果
1 3 0 2 4 5 有2個一樣

交配結果
1 3 0 2 4 5 	1 3 0 2 4 5 
第0島嶼(OF): 
48.000000 
48.000000 
52.000000 
48.000000 
48.000000 
48.000000 
67.835175 
52.000000 
48.000000 
48.000000 
第1島嶼(OF): 
48.000000 
78.270782 
48.000000 
48.000000 
48.000000 
48.000000 
48.000000 
48.000000 
48.000000 
48.000000 
新的子代
1 3 0 2 4 5 
1 3 0 2 4 5 
1 3 0 2 4 5 
1 3 0 2 4 5 
1 3 0 2 4 5 
5 2 0 4 1 3 
5 3 0 2 4 1 
1 3 0 2 4 5 
1 3 0 2 4 5 
1 3 0 2 4 5 

1 3 0 2 4 5 
1 3 0 2 4 5 
1 3 0 2 4 5 
1 3 0 2 4 5 
1 3 4 2 0 5 
1 3 0 2 4 5 
1 3 0 2 4 5 
1 3 0 2 4 5 
1 3 0 2 4 5 
1 3 0 2 4 5 

第13世代

第0島嶼: 
0: 1 3 0 2 4 5 
 : 0 0 0 0 0 sum = 48.000000
1: 1 3 0 2 4 5 
 : 0 0 0 0 0 sum = 48.000000
2: 1 3 0 2 4 5 
 : 0 0 0 0 0 sum = 48.000000
3: 1 3 0 2 4 5 
 : 0 0 0 0 0 sum = 48.000000
4: 1 3 0 2 4 5 
 : 0 0 0 0 0 sum = 48.000000
5: 5 2 0 4 1 3 
 : 1 0 0 0 0 sum = 67.835175
6: 5 3 0 2 4 1 
 : 0 0 0 0 0 sum = 52.000000
7: 1 3 0 2 4 5 
 : 0 0 0 0 0 sum = 48.000000
8: 1 3 0 2 4 5 
 : 0 0 0 0 0 sum = 48.000000
9: 1 3 0 2 4 5 
 : 0 0 0 0 0 sum = 48.000000
第1島嶼: 
0: 1 3 0 2 4 5 
 : 0 0 0 0 0 sum = 48.000000
1: 1 3 0 2 4 5 
 : 0 0 0 0 0 sum = 48.000000
2: 1 3 0 2 4 5 
 : 0 0 0 0 0 sum = 48.000000
3: 1 3 0 2 4 5 
 : 0 0 0 0 0 sum = 48.000000
4: 1 3 4 2 0 5 
 : 0 0 0 0 0 sum = 55.000000
5: 1 3 0 2 4 5 
 : 0 0 0 0 0 sum = 48.000000
6: 1 3 0 2 4 5 
 : 0 0 0 0 0 sum = 48.000000
7: 1 3 0 2 4 5 
 : 0 0 0 0 0 sum = 48.000000
8: 1 3 0 2 4 5 
 : 0 0 0 0 0 sum = 48.000000
9: 1 3 0 2 4 5 
 : 0 0 0 0 0 sum = 48.000000
第0島嶼: 
取的資料: 7 7
1 3 0 2 4 5 	1 3 0 2 4 5 
交配
選第3個交配
2 2
2 4
4 2
4 4
第一個交換結果
1 3 0 2 4 5 
第二個交換結果
1 3 0 2 4 5 有2個一樣

交配結果
1 3 0 2 4 5 	1 3 0 2 4 5 
取的資料: 9 8
1 3 0 2 4 5 	1 3 0 2 4 5 
交配
選第2個交配
0 0
0 2
2 0
2 2
第一個交換結果
1 3 0 2 4 5 
第二個交換結果
1 3 0 2 4 5 有2個一樣

交配結果
1 3 0 2 4 5 	1 3 0 2 4 5 
取的資料: 9 5
1 3 0 2 4 5 	5 2 0 4 1 3 
交配
選第4個交配
4 1
4 3
5 1
5 3
第一個交換結果
1 3 0 2 1 3 
第二個交換結果
5 2 0 4 4 5 有0個一樣

產生第一個子代: 4 5 0 2 1 3 
產生第二個子代: 3 2 0 1 4 5 
交配結果
4 5 0 2 1 3 	3 2 0 1 4 5 
取的資料: 2 1
1 3 0 2 4 5 	1 3 0 2 4 5 
沒有交配
取的資料: 5 2
5 2 0 4 1 3 	1 3 0 2 4 5 
沒有交配
第1島嶼: 
取的資料: 1 3
1 3 0 2 4 5 	1 3 0 2 4 5 
交配
選第4個交配
4 4
4 5
5 4
5 5
第一個交換結果
1 3 0 2 4 5 
第二個交換結果
1 3 0 2 4 5 有2個一樣

交配結果
1 3 0 2 4 5 	1 3 0 2 4 5 
取的資料: 9 6
1 3 0 2 4 5 	1 3 0 2 4 5 
沒有交配
取的資料: 6 3
1 3 0 2 4 5 	1 3 0 2 4 5 
交配
選第1個交配
3 3
3 0
0 3
0 0
第一個交換結果
1 3 0 2 4 5 
第二個交換結果
1 3 0 2 4 5 有2個一樣

交配結果
1 3 0 2 4 5 	1 3 0 2 4 5 
取的資料: 9 6
1 3 0 2 4 5 	1 3 0 2 4 5 
交配
選第2個交配
0 0
0 2
2 0
2 2
第一個交換結果
1 3 0 2 4 5 
第二個交換結果
1 3 0 2 4 5 有2個一樣

交配結果
1 3 0 2 4 5 	1 3 0 2 4 5 
取的資料: 8 9
1 3 0 2 4 5 	1 3 0 2 4 5 
沒有交配
第0島嶼(OF): 
48.000000 
48.000000 
48.000000 
48.000000 
48.000000 
67.835175 
52.000000 
48.000000 
48.000000 
48.000000 
第1島嶼(OF): 
48.000000 
48.000000 
48.000000 
48.000000 
55.000000 
48.000000 
48.000000 
48.000000 
48.000000 
48.000000 
新的子代
1 3 0 2 4 5 
1 3 0 5 4 2 
1 3 0 2 4 5 
1 3 0 2 4 5 
4 5 0 2 1 3 
3 2 0 1 4 5 
1 3 0 2 4 5 
1 3 0 2 4 5 
5 2 0 4 1 3 
1 3 0 2 4 5 

1 3 0 2 4 5 
1 3 0 2 4 5 
1 3 0 2 4 5 
1 3 0 2 4 5 
1 3 0 2 4 5 
1 3 0 2 4 5 
1 3 0 2 4 5 
1 3 0 2 4 5 
1 3 0 2 4 5 
1 3 0 2 4 5 

第14世代

第0島嶼: 
0: 1 3 0 2 4 5 
 : 0 0 0 0 0 sum = 48.000000
1: 1 3 0 5 4 2 
 : 0 0 0 0 0 sum = 48.000000
2: 1 3 0 2 4 5 
 : 0 0 0 0 0 sum = 48.000000
3: 1 3 0 2 4 5 
 : 0 0 0 0 0 sum = 48.000000
4: 4 5 0 2 1 3 
 : 0 0 0 0 0 sum = 54.000000
5: 3 2 0 1 4 5 
 : 1 0 0 0 0 sum = 66.945953
6: 1 3 0 2 4 5 
 : 0 0 0 0 0 sum = 48.000000
7: 1 3 0 2 4 5 
 : 0 0 0 0 0 sum = 48.000000
8: 5 2 0 4 1 3 
 : 1 0 0 0 0 sum = 67.835175
9: 1 3 0 2 4 5 
 : 0 0 0 0 0 sum = 48.000000
第1島嶼: 
0: 1 3 0 2 4 5 
 : 0 0 0 0 0 sum = 48.000000
1: 1 3 0 2 4 5 
 : 0 0 0 0 0 sum = 48.000000
2: 1 3 0 2 4 5 
 : 0 0 0 0 0 sum = 48.000000
3: 1 3 0 2 4 5 
 : 0 0 0 0 0 sum = 48.000000
4: 1 3 0 2 4 5 
 : 0 0 0 0 0 sum = 48.000000
5: 1 3 0 2 4 5 
 : 0 0 0 0 0 sum = 48.000000
6: 1 3 0 2 4 5 
 : 0 0 0 0 0 sum = 48.000000
7: 1 3 0 2 4 5 
 : 0 0 0 0 0 sum = 48.000000
8: 1 3 0 2 4 5 
 : 0 0 0 0 0 sum = 48.000000
9: 1 3 0 2 4 5 
 : 0 0 0 0 0 sum = 48.000000
第0島嶼: 
取的資料: 9 3
1 3 0 2 4 5 	1 3 0 2 4 5 
沒有交配
取的資料: 6 8
1 3 0 2 4 5 	5 2 0 4 1 3 
交配
選第4個交配
4 1
4 3
5 1
5 3
第一個交換結果
1 3 0 2 1 3 
第二個交換結果
5 2 0 4 4 5 有0個一樣

產生第一個子代: 4 5 0 2 1 3 
產生第二個子代: 3 2 0 1 4 5 
交配結果
4 5 0 2 1 3 	3 2 0 1 4 5 
取的資料: 6 9
1 3 0 2 4 5 	1 3 0 2 4 5 
交配
選第4個交配
4 4
4 5
5 4
5 5
第一個交換結果
1 3 0 2 4 5 
第二個交換結果
1 3 0 2 4 5 有2個一樣

交配結果
1 3 0 2 4 5 	1 3 0 2 4 5 
取的資料: 1 7
1 3 0 5 4 2 	1 3 0 2 4 5 
交配
選第1個交配
3 3
3 0
0 3
0 0
第一個交換結果
1 3 0 5 4 2 
第二個交換結果
1 3 0 2 4 5 有2個一樣

交配結果
1 3 0 5 4 2 	1 3 0 2 4 5 
取的資料: 6 6
1 3 0 2 4 5 	1 3 0 2 4 5 
交配
選第4個交配
4 4
4 5
5 4
5 5
第一個交換結果
1 3 0 2 4 5 
第二個交換結果
1 3 0 2 4 5 有2個一樣

交配結果
1 3 0 2 4 5 	1 3 0 2 4 5 
第1島嶼: 
取的資料: 3 7
1 3 0 2 4 5 	1 3 0 2 4 5 
交配
選第4個交配
4 4
4 5
5 4
5 5
第一個交換結果
1 3 0 2 4 5 
第二個交換結果
1 3 0 2 4 5 有2個一樣

交配結果
1 3 0 2 4 5 	1 3 0 2 4 5 
取的資料: 9 9
1 3 0 2 4 5 	1 3 0 2 4 5 
交配
選第0個交配
1 1
1 3
3 1
3 3
第一個交換結果
1 3 0 2 4 5 
第二個交換結果
1 3 0 2 4 5 有2個一樣

交配結果
1 3 0 2 4 5 	1 3 0 2 4 5 
取的資料: 5 3
1 3 0 2 4 5 	1 3 0 2 4 5 
交配
選第2個交配
0 0
0 2
2 0
2 2
第一個交換結果
1 3 0 2 4 5 
第二個交換結果
1 3 0 2 4 5 有2個一樣

交配結果
1 3 0 2 4 5 	1 3 0 2 4 5 
取的資料: 2 7
1 3 0 2 4 5 	1 3 0 2 4 5 
交配
選第3個交配
2 2
2 4
4 2
4 4
第一個交換結果
1 3 0 2 4 5 
第二個交換結果
1 3 0 2 4 5 有2個一樣

交配結果
1 3 0 2 4 5 	1 3 0 2 4 5 
取的資料: 3 3
1 3 0 2 4 5 	1 3 0 2 4 5 
交配
選第0個交配
1 1
1 3
3 1
3 3
第一個交換結果
1 3 0 2 4 5 
第二個交換結果
1 3 0 2 4 5 有2個一樣

交配結果
1 3 0 2 4 5 	1 3 0 2 4 5 
***migration***
第0島嶼(OF): 
48.000000 
48.000000 
48.000000 
48.000000 
54.000000 
66.945953 
48.000000 
48.000000 
67.835175 
48.000000 
第1島嶼(OF): 
48.000000 
48.000000 
48.000000 
48.000000 
48.000000 
48.000000 
48.000000 
48.000000 
48.000000 
48.000000 
新的子代
1 3 0 2 4 5 
1 3 0 2 4 5 
1 3 0 2 4 5 
1 3 0 2 4 5 
1 3 0 2 4 5 
1 3 0 2 4 5 
1 3 0 5 4 2 
1 3 0 2 4 5 
1 3 0 2 4 5 
1 3 0 2 4 5 

1 3 0 2 4 5 
1 3 0 2 4 5 
1 3 0 2 4 5 
1 3 0 2 4 5 
1 3 0 2 4 5 
1 3 0 2 4 5 
1 3 0 2 4 5 
1 3 0 2 4 5 
1 3 0 2 4 5 
1 3 0 2 4 5 

第15世代

第0島嶼: 
0: 1 3 0 2 4 5 
 : 0 0 0 0 0 sum = 48.000000
1: 1 3 0 2 4 5 
 : 0 0 0 0 0 sum = 48.000000
2: 1 3 0 2 4 5 
 : 0 0 0 0 0 sum = 48.000000
3: 1 3 0 2 4 5 
 : 0 0 0 0 0 sum = 48.000000
4: 1 3 0 2 4 5 
 : 0 0 0 0 0 sum = 48.000000
5: 1 3 0 2 4 5 
 : 0 0 0 0 0 sum = 48.000000
6: 1 3 0 5 4 2 
 : 0 0 0 0 0 sum = 48.000000
7: 1 3 0 2 4 5 
 : 0 0 0 0 0 sum = 48.000000
8: 1 3 0 2 4 5 
 : 0 0 0 0 0 sum = 48.000000
9: 1 3 0 2 4 5 
 : 0 0 0 0 0 sum = 48.000000
第1島嶼: 
0: 1 3 0 2 4 5 
 : 0 0 0 0 0 sum = 48.000000
1: 1 3 0 2 4 5 
 : 0 0 0 0 0 sum = 48.000000
2: 1 3 0 2 4 5 
 : 0 0 0 0 0 sum = 48.000000
3: 1 3 0 2 4 5 
 : 0 0 0 0 0 sum = 48.000000
4: 1 3 0 2 4 5 
 : 0 0 0 0 0 sum = 48.000000
5: 1 3 0 2 4 5 
 : 0 0 0 0 0 sum = 48.000000
6: 1 3 0 2 4 5 
 : 0 0 0 0 0 sum = 48.000000
7: 1 3 0 2 4 5 
 : 0 0 0 0 0 sum = 48.000000
8: 1 3 0 2 4 5 
 : 0 0 0 0 0 sum = 48.000000
9: 1 3 0 2 4 5 
 : 0 0 0 0 0 sum = 48.000000
第0島嶼: 
取的資料: 9 9
1 3 0 2 4 5 	1 3 0 2 4 5 
交配
選第2個交配
0 0
0 2
2 0
2 2
第一個交換結果
1 3 0 2 4 5 
第二個交換結果
1 3 0 2 4 5 有2個一樣

交配結果
1 3 0 2 4 5 	1 3 0 2 4 5 
取的資料: 8 7
1 3 0 2 4 5 	1 3 0 2 4 5 
交配
選第1個交配
3 3
3 0
0 3
0 0
第一個交換結果
1 3 0 2 4 5 
第二個交換結果
1 3 0 2 4 5 有2個一樣

交配結果
1 3 0 2 4 5 	1 3 0 2 4 5 
取的資料: 9 8
1 3 0 2 4 5 	1 3 0 2 4 5 
沒有交配
取的資料: 9 2
1 3 0 2 4 5 	1 3 0 2 4 5 
沒有交配
取的資料: 7 7
1 3 0 2 4 5 	1 3 0 2 4 5 
沒有交配
第1島嶼: 
取的資料: 1 7
1 3 0 2 4 5 	1 3 0 2 4 5 
交配
選第4個交配
4 4
4 5
5 4
5 5
第一個交換結果
1 3 0 2 4 5 
第二個交換結果
1 3 0 2 4 5 有2個一樣

交配結果
1 3 0 2 4 5 	1 3 0 2 4 5 
取的資料: 9 5
1 3 0 2 4 5 	1 3 0 2 4 5 
沒有交配
取的資料: 1 6
1 3 0 2 4 5 	1 3 0 2 4 5 
沒有交配
取的資料: 8 9
1 3 0 2 4 5 	1 3 0 2 4 5 
交配
選第3個交配
2 2
2 4
4 2
4 4
第一個交換結果
1 3 0 2 4 5 
第二個交換結果
1 3 0 2 4 5 有2個一樣

交配結果
1 3 0 2 4 5 	1 3 0 2 4 5 
取的資料: 9 5
1 3 0 2 4 5 	1 3 0 2 4 5 
交配
選第2個交配
0 0
0 2
2 0
2 2
第一個交換結果
1 3 0 2 4 5 
第二個交換結果
1 3 0 2 4 5 有2個一樣

交配結果
1 3 0 2 4 5 	1 3 0 2 4 5 
第0島嶼(OF): 
48.000000 
48.000000 
48.000000 
48.000000 
48.000000 
48.000000 
48.000000 
48.000000 
48.000000 
48.000000 
第1島嶼(OF): 
48.000000 
48.000000 
48.000000 
48.000000 
48.000000 
48.000000 
48.000000 
48.000000 
48.000000 
48.000000 
新的子代
1 3 0 2 4 5 
1 3 0 2 4 5 
1 3 0 2 4 5 
1 3 0 2 4 5 
1 3 0 2 4 5 
1 3 0 2 4 5 
1 3 0 2 4 5 
1 3 0 2 4 5 
1 3 0 2 4 5 
1 3 0 2 4 5 

1 3 0 2 4 5 
1 3 0 2 4 5 
1 3 0 2 4 5 
1 3 0 2 4 5 
1 3 0 2 4 5 
1 3 0 2 4 5 
1 3 0 2 4 5 
1 3 0 2 4 5 
1 3 0 2 4 5 
1 3 0 2 4 5 

第16世代

第0島嶼: 
0: 1 3 0 2 4 5 
 : 0 0 0 0 0 sum = 48.000000
1: 1 3 0 2 4 5 
 : 0 0 0 0 0 sum = 48.000000
2: 1 3 0 2 4 5 
 : 0 0 0 0 0 sum = 48.000000
3: 1 3 0 2 4 5 
 : 0 0 0 0 0 sum = 48.000000
4: 1 3 0 2 4 5 
 : 0 0 0 0 0 sum = 48.000000
5: 1 3 0 2 4 5 
 : 0 0 0 0 0 sum = 48.000000
6: 1 3 0 2 4 5 
 : 0 0 0 0 1 sum = 71.031158
7: 1 3 0 2 4 5 
 : 0 0 0 0 0 sum = 48.000000
8: 1 3 0 2 4 5 
 : 0 0 0 0 0 sum = 48.000000
9: 1 3 0 2 4 5 
 : 0 0 0 0 0 sum = 48.000000
第1島嶼: 
0: 1 3 0 2 4 5 
 : 0 0 0 0 0 sum = 48.000000
1: 1 3 0 2 4 5 
 : 0 0 0 0 0 sum = 48.000000
2: 1 3 0 2 4 5 
 : 0 0 0 0 0 sum = 48.000000
3: 1 3 0 2 4 5 
 : 0 0 0 0 0 sum = 48.000000
4: 1 3 0 2 4 5 
 : 0 0 0 0 0 sum = 48.000000
5: 1 3 0 2 4 5 
 : 0 0 0 0 0 sum = 48.000000
6: 1 3 0 2 4 5 
 : 0 0 0 0 0 sum = 48.000000
7: 1 3 0 2 4 5 
 : 0 0 0 0 0 sum = 48.000000
8: 1 3 0 2 4 5 
 : 0 0 0 0 0 sum = 48.000000
9: 1 3 0 2 4 5 
 : 0 0 0 0 0 sum = 48.000000
第0島嶼: 
取的資料: 7 3
1 3 0 2 4 5 	1 3 0 2 4 5 
交配
選第0個交配
1 1
1 3
3 1
3 3
第一個交換結果
1 3 0 2 4 5 
第二個交換結果
1 3 0 2 4 5 有2個一樣

交配結果
1 3 0 2 4 5 	1 3 0 2 4 5 
取的資料: 5 9
1 3 0 2 4 5 	1 3 0 2 4 5 
沒有交配
取的資料: 7 8
1 3 0 2 4 5 	1 3 0 2 4 5 
沒有交配
取的資料: 1 5
1 3 0 2 4 5 	1 3 0 2 4 5 
沒有交配
取的資料: 5 9
1 3 0 2 4 5 	1 3 0 2 4 5 
交配
選第1個交配
3 3
3 0
0 3
0 0
第一個交換結果
1 3 0 2 4 5 
第二個交換結果
1 3 0 2 4 5 有2個一樣

交配結果
1 3 0 2 4 5 	1 3 0 2 4 5 
第1島嶼: 
取的資料: 8 7
1 3 0 2 4 5 	1 3 0 2 4 5 
交配
選第3個交配
2 2
2 4
4 2
4 4
第一個交換結果
1 3 0 2 4 5 
第二個交換結果
1 3 0 2 4 5 有2個一樣

交配結果
1 3 0 2 4 5 	1 3 0 2 4 5 
取的資料: 1 3
1 3 0 2 4 5 	1 3 0 2 4 5 
沒有交配
取的資料: 7 9
1 3 0 2 4 5 	1 3 0 2 4 5 
沒有交配
取的資料: 9 3
1 3 0 2 4 5 	1 3 0 2 4 5 
交配
選第2個交配
0 0
0 2
2 0
2 2
第一個交換結果
1 3 0 2 4 5 
第二個交換結果
1 3 0 2 4 5 有2個一樣

交配結果
1 3 0 2 4 5 	1 3 0 2 4 5 
取的資料: 7 9
1 3 0 2 4 5 	1 3 0 2 4 5 
交配
選第1個交配
3 3
3 0
0 3
0 0
第一個交換結果
1 3 0 2 4 5 
第二個交換結果
1 3 0 2 4 5 有2個一樣

交配結果
1 3 0 2 4 5 	1 3 0 2 4 5 
第0島嶼(OF): 
48.000000 
48.000000 
48.000000 
48.000000 
48.000000 
48.000000 
71.031158 
48.000000 
48.000000 
48.000000 
第1島嶼(OF): 
48.000000 
48.000000 
48.000000 
48.000000 
48.000000 
48.000000 
48.000000 
48.000000 
48.000000 
48.000000 
新的子代
1 3 0 2 4 5 
1 3 0 2 4 5 
1 3 0 2 4 5 
1 3 0 2 4 5 
1 3 0 2 4 5 
1 3 0 2 4 5 
1 3 0 2 4 5 
1 3 0 2 4 5 
1 3 0 2 4 5 
1 3 0 2 4 5 

1 3 0 2 4 5 
1 3 0 2 4 5 
1 3 0 2 4 5 
1 3 0 2 4 5 
1 3 0 2 4 5 
1 3 0 2 4 5 
1 3 0 2 4 5 
1 3 0 2 4 5 
1 3 0 2 4 5 
1 3 0 2 4 5 

第17世代

第0島嶼: 
0: 1 3 0 2 4 5 
 : 0 0 0 0 0 sum = 48.000000
1: 1 3 0 2 4 5 
 : 0 0 0 0 0 sum = 48.000000
2: 1 3 0 2 4 5 
 : 0 0 0 0 0 sum = 48.000000
3: 1 3 0 2 4 5 
 : 0 0 0 0 0 sum = 48.000000
4: 1 3 0 2 4 5 
 : 0 1 0 0 0 sum = 78.270782
5: 1 3 0 2 4 5 
 : 0 0 0 0 0 sum = 48.000000
6: 1 3 0 2 4 5 
 : 0 0 0 0 0 sum = 48.000000
7: 1 3 0 2 4 5 
 : 0 0 0 0 0 sum = 48.000000
8: 1 3 0 2 4 5 
 : 0 0 0 0 1 sum = 71.031158
9: 1 3 0 2 4 5 
 : 0 0 0 0 0 sum = 48.000000
第1島嶼: 
0: 1 3 0 2 4 5 
 : 0 0 0 0 0 sum = 48.000000
1: 1 3 0 2 4 5 
 : 0 0 0 0 0 sum = 48.000000
2: 1 3 0 2 4 5 
 : 0 0 0 0 0 sum = 48.000000
3: 1 3 0 2 4 5 
 : 0 0 0 0 0 sum = 48.000000
4: 1 3 0 2 4 5 
 : 0 0 0 0 0 sum = 48.000000
5: 1 3 0 2 4 5 
 : 0 0 0 0 0 sum = 48.000000
6: 1 3 0 2 4 5 
 : 0 0 0 0 0 sum = 48.000000
7: 1 3 0 2 4 5 
 : 0 0 0 0 0 sum = 48.000000
8: 1 3 0 2 4 5 
 : 0 0 0 0 0 sum = 48.000000
9: 1 3 0 2 4 5 
 : 0 0 0 0 0 sum = 48.000000
第0島嶼: 
取的資料: 9 7
1 3 0 2 4 5 	1 3 0 2 4 5 
沒有交配
取的資料: 2 1
1 3 0 2 4 5 	1 3 0 2 4 5 
交配
選第0個交配
1 1
1 3
3 1
3 3
第一個交換結果
1 3 0 2 4 5 
第二個交換結果
1 3 0 2 4 5 有2個一樣

交配結果
1 3 0 2 4 5 	1 3 0 2 4 5 
取的資料: 9 9
1 3 0 2 4 5 	1 3 0 2 4 5 
沒有交配
取的資料: 1 9
1 3 0 2 4 5 	1 3 0 2 4 5 
沒有交配
取的資料: 9 7
1 3 0 2 4 5 	1 3 0 2 4 5 
交配
選第4個交配
4 4
4 5
5 4
5 5
第一個交換結果
1 3 0 2 4 5 
第二個交換結果
1 3 0 2 4 5 有2個一樣

交配結果
1 3 0 2 4 5 	1 3 0 2 4 5 
第1島嶼: 
取的資料: 4 3
1 3 0 2 4 5 	1 3 0 2 4 5 
交配
選第4個交配
4 4
4 5
5 4
5 5
第一個交換結果
1 3 0 2 4 5 
第二個交換結果
1 3 0 2 4 5 有2個一樣

交配結果
1 3 0 2 4 5 	1 3 0 2 4 5 
取的資料: 2 2
1 3 0 2 4 5 	1 3 0 2 4 5 
交配
選第0個交配
1 1
1 3
3 1
3 3
第一個交換結果
1 3 0 2 4 5 
第二個交換結果
1 3 0 2 4 5 有2個一樣

交配結果
1 3 0 2 4 5 	1 3 0 2 4 5 
取的資料: 1 5
1 3 0 2 4 5 	1 3 0 2 4 5 
交配
選第3個交配
2 2
2 4
4 2
4 4
第一個交換結果
1 3 0 2 4 5 
第二個交換結果
1 3 0 2 4 5 有2個一樣

交配結果
1 3 0 2 4 5 	1 3 0 2 4 5 
取的資料: 5 4
1 3 0 2 4 5 	1 3 0 2 4 5 
沒有交配
取的資料: 6 9
1 3 0 2 4 5 	1 3 0 2 4 5 
沒有交配
第0島嶼(OF): 
48.000000 
48.000000 
48.000000 
48.000000 
78.270782 
48.000000 
48.000000 
48.000000 
71.031158 
48.000000 
第1島嶼(OF): 
48.000000 
48.000000 
48.000000 
48.000000 
48.000000 
48.000000 
48.000000 
48.000000 
48.000000 
48.000000 
新的子代
1 3 0 2 4 5 
1 3 0 2 4 5 
1 5 0 2 4 3 
1 3 0 2 4 5 
1 3 0 2 4 5 
1 3 0 2 4 5 
1 3 0 2 4 5 
1 3 0 2 4 5 
1 3 0 2 4 5 
4 3 0 2 1 5 

1 3 0 2 4 5 
1 3 0 2 4 5 
1 3 0 2 4 5 
1 3 0 2 4 5 
1 3 0 2 4 5 
1 3 0 2 4 5 
1 3 0 2 4 5 
1 3 0 2 4 5 
1 3 0 2 4 5 
4 3 0 2 1 5 

第18世代

第0島嶼: 
0: 1 3 0 2 4 5 
 : 0 0 0 0 0 sum = 48.000000
1: 1 3 0 2 4 5 
 : 0 0 0 0 0 sum = 48.000000
2: 1 5 0 2 4 3 
 : 0 0 0 0 0 sum = 58.000000
3: 1 3 0 2 4 5 
 : 0 0 0 0 0 sum = 48.000000
4: 1 3 0 2 4 5 
 : 0 0 0 0 0 sum = 48.000000
5: 1 3 0 2 4 5 
 : 0 0 0 0 0 sum = 48.000000
6: 1 3 0 2 4 5 
 : 0 0 0 0 0 sum = 48.000000
7: 1 3 0 2 4 5 
 : 0 0 0 0 0 sum = 48.000000
8: 1 3 0 2 4 5 
 : 0 0 0 0 0 sum = 48.000000
9: 4 3 0 2 1 5 
 : 0 0 0 0 0 sum = 59.000000
第1島嶼: 
0: 1 3 0 2 4 5 
 : 0 0 0 0 0 sum = 48.000000
1: 1 3 0 2 4 5 
 : 0 0 0 0 0 sum = 48.000000
2: 1 3 0 2 4 5 
 : 0 0 0 0 0 sum = 48.000000
3: 1 3 0 2 4 5 
 : 0 0 0 0 0 sum = 48.000000
4: 1 3 0 2 4 5 
 : 0 0 0 0 0 sum = 48.000000
5: 1 3 0 2 4 5 
 : 0 0 0 0 0 sum = 48.000000
6: 1 3 0 2 4 5 
 : 0 0 0 0 0 sum = 48.000000
7: 1 3 0 2 4 5 
 : 0 0 0 0 0 sum = 48.000000
8: 1 3 0 2 4 5 
 : 0 0 0 0 0 sum = 48.000000
9: 4 3 0 2 1 5 
 : 0 0 0 0 0 sum = 59.000000
第0島嶼: 
取的資料: 9 9
4 3 0 2 1 5 	4 3 0 2 1 5 
交配
選第1個交配
3 3
3 0
0 3
0 0
第一個交換結果
4 3 0 2 1 5 
第二個交換結果
4 3 0 2 1 5 有2個一樣

交配結果
4 3 0 2 1 5 	4 3 0 2 1 5 
取的資料: 1 5
1 3 0 2 4 5 	1 3 0 2 4 5 
交配
選第0個交配
1 1
1 3
3 1
3 3
第一個交換結果
1 3 0 2 4 5 
第二個交換結果
1 3 0 2 4 5 有2個一樣

交配結果
1 3 0 2 4 5 	1 3 0 2 4 5 
取的資料: 6 9
1 3 0 2 4 5 	4 3 0 2 1 5 
交配
選第4個交配
4 1
4 5
5 1
5 5
第一個交換結果
1 3 0 2 1 5 
第二個交換結果
4 3 0 2 4 5 有1個一樣

產生子代: 
交配結果
4 3 0 2 1 5 	1 3 0 2 4 5 
取的資料: 2 9
1 5 0 2 4 3 	4 3 0 2 1 5 
沒有交配
取的資料: 7 7
1 3 0 2 4 5 	1 3 0 2 4 5 
沒有交配
第1島嶼: 
取的資料: 3 8
1 3 0 2 4 5 	1 3 0 2 4 5 
交配
選第4個交配
4 4
4 5
5 4
5 5
第一個交換結果
1 3 0 2 4 5 
第二個交換結果
1 3 0 2 4 5 有2個一樣

交配結果
1 3 0 2 4 5 	1 3 0 2 4 5 
取的資料: 5 7
1 3 0 2 4 5 	1 3 0 2 4 5 
沒有交配
取的資料: 6 8
1 3 0 2 4 5 	1 3 0 2 4 5 
沒有交配
取的資料: 7 1
1 3 0 2 4 5 	1 3 0 2 4 5 
沒有交配
取的資料: 4 1
1 3 0 2 4 5 	1 3 0 2 4 5 
交配
選第4個交配
4 4
4 5
5 4
5 5
第一個交換結果
1 3 0 2 4 5 
第二個交換結果
1 3 0 2 4 5 有2個一樣

交配結果
1 3 0 2 4 5 	1 3 0 2 4 5 
第0島嶼(OF): 
48.000000 
48.000000 
58.000000 
48.000000 
48.000000 
48.000000 
48.000000 
48.000000 
48.000000 
59.000000 
第1島嶼(OF): 
48.000000 
48.000000 
48.000000 
48.000000 
48.000000 
48.000000 
48.000000 
48.000000 
48.000000 
59.000000 
新的子代
4 3 0 2 1 5 
4 3 0 2 1 5 
1 3 0 2 4 5 
1 3 0 2 4 5 
4 3 0 2 1 5 
1 3 0 2 4 5 
1 5 0 2 4 3 
4 3 0 2 1 5 
1 3 0 2 4 5 
1 3 0 2 4 5 

1 3 0 2 4 5 
1 3 0 2 4 5 
1 3 0 2 4 5 
1 3 0 2 4 5 
1 3 0 2 4 5 
1 3 0 2 4 5 
1 3 0 2 4 5 
1 3 0 2 4 5 
1 3 0 2 4 5 
1 3 0 2 4 5 

第19世代

第0島嶼: 
0: 4 3 0 2 1 5 
 : 0 0 0 0 0 sum = 59.000000
1: 4 3 0 2 1 5 
 : 0 0 0 0 0 sum = 59.000000
2: 1 3 0 2 4 5 
 : 0 0 0 0 0 sum = 48.000000
3: 1 3 0 2 4 5 
 : 0 0 0 0 0 sum = 48.000000
4: 4 3 0 2 1 5 
 : 0 0 0 0 0 sum = 59.000000
5: 1 3 0 2 4 5 
 : 0 0 0 0 0 sum = 48.000000
6: 1 5 0 2 4 3 
 : 0 0 0 0 0 sum = 58.000000
7: 4 3 0 2 1 5 
 : 0 0 0 0 0 sum = 59.000000
8: 1 3 0 2 4 5 
 : 0 0 0 0 0 sum = 48.000000
9: 1 3 0 2 4 5 
 : 0 0 0 0 0 sum = 48.000000
第1島嶼: 
0: 1 3 0 2 4 5 
 : 0 0 0 0 0 sum = 48.000000
1: 1 3 0 2 4 5 
 : 0 0 0 0 0 sum = 48.000000
2: 1 3 0 2 4 5 
 : 0 0 0 0 0 sum = 48.000000
3: 1 3 0 2 4 5 
 : 0 0 0 0 0 sum = 48.000000
4: 1 3 0 2 4 5 
 : 0 0 0 0 0 sum = 48.000000
5: 1 3 0 2 4 5 
 : 0 0 0 0 0 sum = 48.000000
6: 1 3 0 2 4 5 
 : 0 0 0 0 0 sum = 48.000000
7: 1 3 0 2 4 5 
 : 0 0 0 0 0 sum = 48.000000
8: 1 3 0 2 4 5 
 : 0 0 0 1 0 sum = 82.286339
9: 1 3 0 2 4 5 
 : 0 0 0 0 0 sum = 48.000000
第0島嶼: 
取的資料: 3 1
1 3 0 2 4 5 	4 3 0 2 1 5 
交配
選第4個交配
4 1
4 5
5 1
5 5
第一個交換結果
1 3 0 2 1 5 
第二個交換結果
4 3 0 2 4 5 有1個一樣

產生子代: 
交配結果
4 3 0 2 1 5 	1 3 0 2 4 5 
取的資料: 2 6
1 3 0 2 4 5 	1 5 0 2 4 3 
沒有交配
取的資料: 7 1
4 3 0 2 1 5 	4 3 0 2 1 5 
交配
選第3個交配
2 2
2 1
1 2
1 1
第一個交換結果
4 3 0 2 1 5 
第二個交換結果
4 3 0 2 1 5 有2個一樣

交配結果
4 3 0 2 1 5 	4 3 0 2 1 5 
取的資料: 6 6
1 5 0 2 4 3 	1 5 0 2 4 3 
交配
選第4個交配
4 4
4 3
3 4
3 3
第一個交換結果
1 5 0 2 4 3 
第二個交換結果
1 5 0 2 4 3 有2個一樣

交配結果
1 5 0 2 4 3 	1 5 0 2 4 3 
取的資料: 3 9
1 3 0 2 4 5 	1 3 0 2 4 5 
沒有交配
第1島嶼: 
取的資料: 9 7
1 3 0 2 4 5 	1 3 0 2 4 5 
交配
選第0個交配
1 1
1 3
3 1
3 3
第一個交換結果
1 3 0 2 4 5 
第二個交換結果
1 3 0 2 4 5 有2個一樣

交配結果
1 3 0 2 4 5 	1 3 0 2 4 5 
取的資料: 7 3
1 3 0 2 4 5 	1 3 0 2 4 5 
沒有交配
取的資料: 9 9
1 3 0 2 4 5 	1 3 0 2 4 5 
沒有交配
取的資料: 4 5
1 3 0 2 4 5 	1 3 0 2 4 5 
沒有交配
取的資料: 1 7
1 3 0 2 4 5 	1 3 0 2 4 5 
沒有交配
***migration***
第0島嶼(OF): 
59.000000 
59.000000 
48.000000 
48.000000 
59.000000 
48.000000 
58.000000 
59.000000 
48.000000 
48.000000 
第1島嶼(OF): 
48.000000 
48.000000 
48.000000 
48.000000 
48.000000 
48.000000 
48.000000 
48.000000 
82.286339 
48.000000 
新的子代
1 3 0 2 4 5 
1 3 0 2 4 5 
1 3 0 2 4 5 
1 3 0 2 4 5 
4 3 0 2 1 5 
1 3 0 2 4 5 
1 5 0 2 4 3 
1 5 0 2 4 3 
1 3 0 2 4 5 
1 3 0 2 4 5 

1 3 0 2 4 5 
1 3 0 2 4 5 
1 3 0 2 4 5 
1 3 0 2 4 5 
4 3 0 2 1 5 
4 3 0 2 1 5 
1 3 0 2 4 5 
1 3 0 2 4 5 
1 3 0 2 4 5 
1 3 0 2 4 5 

第20世代

第0島嶼: 
0: 1 3 0 2 4 5 
 : 0 0 0 0 0 sum = 48.000000
1: 1 3 0 2 4 5 
 : 0 0 0 0 0 sum = 48.000000
2: 1 3 0 2 4 5 
 : 0 0 0 0 0 sum = 48.000000
3: 1 3 0 2 4 5 
 : 0 0 0 0 0 sum = 48.000000
4: 4 3 0 2 1 5 
 : 0 0 0 0 0 sum = 59.000000
5: 1 3 0 2 4 5 
 : 0 0 0 0 0 sum = 48.000000
6: 1 5 0 2 4 3 
 : 0 0 0 0 0 sum = 58.000000
7: 1 5 0 2 4 3 
 : 0 0 0 0 0 sum = 58.000000
8: 1 3 0 2 4 5 
 : 0 0 0 0 0 sum = 48.000000
9: 1 3 0 2 4 5 
 : 0 0 0 0 0 sum = 48.000000
第1島嶼: 
0: 1 3 0 2 4 5 
 : 0 0 0 0 0 sum = 48.000000
1: 1 3 0 2 4 5 
 : 0 0 0 0 0 sum = 48.000000
2: 1 3 0 2 4 5 
 : 0 0 0 0 0 sum = 48.000000
3: 1 3 0 2 4 5 
 : 0 0 0 0 0 sum = 48.000000
4: 4 3 0 2 1 5 
 : 0 0 0 0 0 sum = 59.000000
5: 4 3 0 2 1 5 
 : 0 0 0 0 0 sum = 59.000000
6: 1 3 0 2 4 5 
 : 0 0 0 0 0 sum = 48.000000
7: 1 3 0 2 4 5 
 : 0 0 0 0 0 sum = 48.000000
8: 1 3 0 2 4 5 
 : 0 0 0 0 0 sum = 48.000000
9: 1 3 0 2 4 5 
 : 0 0 0 0 0 sum = 48.000000
第0島嶼: 
取的資料: 7 7
1 5 0 2 4 3 	1 5 0 2 4 3 
沒有交配
取的資料: 9 9
1 3 0 2 4 5 	1 3 0 2 4 5 
交配
選第4個交配
4 4
4 5
5 4
5 5
第一個交換結果
1 3 0 2 4 5 
第二個交換結果
1 3 0 2 4 5 有2個一樣

交配結果
1 3 0 2 4 5 	1 3 0 2 4 5 
取的資料: 5 2
1 3 0 2 4 5 	1 3 0 2 4 5 
交配
選第2個交配
0 0
0 2
2 0
2 2
第一個交換結果
1 3 0 2 4 5 
第二個交換結果
1 3 0 2 4 5 有2個一樣

交配結果
1 3 0 2 4 5 	1 3 0 2 4 5 
取的資料: 2 8
1 3 0 2 4 5 	1 3 0 2 4 5 
沒有交配
取的資料: 9 4
1 3 0 2 4 5 	4 3 0 2 1 5 
沒有交配
第1島嶼: 
取的資料: 9 5
1 3 0 2 4 5 	4 3 0 2 1 5 
沒有交配
取的資料: 1 5
1 3 0 2 4 5 	4 3 0 2 1 5 
交配
選第4個交配
4 1
4 5
5 1
5 5
第一個交換結果
1 3 0 2 1 5 
第二個交換結果
4 3 0 2 4 5 有1個一樣

產生子代: 
交配結果
4 3 0 2 1 5 	1 3 0 2 4 5 
取的資料: 7 2
1 3 0 2 4 5 	1 3 0 2 4 5 
沒有交配
取的資料: 6 7
1 3 0 2 4 5 	1 3 0 2 4 5 
交配
選第1個交配
3 3
3 0
0 3
0 0
第一個交換結果
1 3 0 2 4 5 
第二個交換結果
1 3 0 2 4 5 有2個一樣

交配結果
1 3 0 2 4 5 	1 3 0 2 4 5 
取的資料: 9 9
1 3 0 2 4 5 	1 3 0 2 4 5 
交配
選第1個交配
3 3
3 0
0 3
0 0
第一個交換結果
1 3 0 2 4 5 
第二個交換結果
1 3 0 2 4 5 有2個一樣

交配結果
1 3 0 2 4 5 	1 3 0 2 4 5 
第0島嶼(OF): 
48.000000 
48.000000 
48.000000 
48.000000 
59.000000 
48.000000 
58.000000 
58.000000 
48.000000 
48.000000 
第1島嶼(OF): 
48.000000 
48.000000 
48.000000 
48.000000 
59.000000 
59.000000 
48.000000 
48.000000 
48.000000 
48.000000 
新的子代
1 5 0 2 4 3 
1 5 0 2 4 3 
1 3 0 2 4 5 
1 3 0 2 4 5 
1 3 0 2 4 5 
1 3 0 2 4 5 
1 3 0 2 4 5 
1 3 0 2 4 5 
1 3 0 2 4 5 
4 3 0 2 1 5 

1 3 0 2 4 5 
4 3 0 2 1 5 
4 3 0 2 1 5 
1 3 0 2 4 5 
1 3 0 2 4 5 
1 3 0 2 4 5 
1 3 0 2 4 5 
1 3 0 2 4 5 
1 3 0 2 4 5 
1 3 0 2 4 5 

第21世代

第0島嶼: 
0: 1 5 0 2 4 3 
 : 0 0 0 0 0 sum = 58.000000
1: 1 5 0 2 4 3 
 : 0 0 0 0 0 sum = 58.000000
2: 1 3 0 2 4 5 
 : 0 0 0 0 0 sum = 48.000000
3: 1 3 0 2 4 5 
 : 0 0 0 0 0 sum = 48.000000
4: 1 3 0 2 4 5 
 : 0 0 0 0 0 sum = 48.000000
5: 1 3 0 2 4 5 
 : 0 0 0 0 0 sum = 48.000000
6: 1 3 0 2 4 5 
 : 0 0 0 0 0 sum = 48.000000
7: 1 3 0 2 4 5 
 : 0 0 0 0 0 sum = 48.000000
8: 1 3 0 2 4 5 
 : 0 0 0 0 0 sum = 48.000000
9: 4 3 0 2 1 5 
 : 0 0 0 0 0 sum = 59.000000
第1島嶼: 
0: 1 3 0 2 4 5 
 : 0 0 0 0 0 sum = 48.000000
1: 4 3 0 2 1 5 
 : 0 0 0 0 0 sum = 59.000000
2: 4 3 0 2 1 5 
 : 0 0 0 1 0 sum = 85.618118
3: 1 3 0 2 4 5 
 : 0 0 0 0 0 sum = 48.000000
4: 1 3 0 2 4 5 
 : 0 0 0 0 0 sum = 48.000000
5: 1 3 0 2 4 5 
 : 0 0 0 0 0 sum = 48.000000
6: 1 3 0 2 4 5 
 : 0 0 0 0 0 sum = 48.000000
7: 1 3 0 2 4 5 
 : 0 0 0 0 0 sum = 48.000000
8: 1 3 0 2 4 5 
 : 0 0 0 0 0 sum = 48.000000
9: 1 3 0 2 4 5 
 : 0 0 0 0 0 sum = 48.000000
第0島嶼: 
取的資料: 4 8
1 3 0 2 4 5 	1 3 0 2 4 5 
沒有交配
取的資料: 1 6
1 5 0 2 4 3 	1 3 0 2 4 5 
沒有交配
取的資料: 4 4
1 3 0 2 4 5 	1 3 0 2 4 5 
沒有交配
取的資料: 9 4
4 3 0 2 1 5 	1 3 0 2 4 5 
沒有交配
取的資料: 8 3
1 3 0 2 4 5 	1 3 0 2 4 5 
沒有交配
第1島嶼: 
取的資料: 6 6
1 3 0 2 4 5 	1 3 0 2 4 5 
交配
選第1個交配
3 3
3 0
0 3
0 0
第一個交換結果
1 3 0 2 4 5 
第二個交換結果
1 3 0 2 4 5 有2個一樣

交配結果
1 3 0 2 4 5 	1 3 0 2 4 5 
取的資料: 9 9
1 3 0 2 4 5 	1 3 0 2 4 5 
交配
選第3個交配
2 2
2 4
4 2
4 4
第一個交換結果
1 3 0 2 4 5 
第二個交換結果
1 3 0 2 4 5 有2個一樣

交配結果
1 3 0 2 4 5 	1 3 0 2 4 5 
取的資料: 9 1
1 3 0 2 4 5 	4 3 0 2 1 5 
交配
選第4個交配
4 1
4 5
5 1
5 5
第一個交換結果
1 3 0 2 1 5 
第二個交換結果
4 3 0 2 4 5 有1個一樣

產生子代: 
交配結果
4 3 0 2 1 5 	1 3 0 2 4 5 
取的資料: 9 5
1 3 0 2 4 5 	1 3 0 2 4 5 
交配
選第3個交配
2 2
2 4
4 2
4 4
第一個交換結果
1 3 0 2 4 5 
第二個交換結果
1 3 0 2 4 5 有2個一樣

交配結果
1 3 0 2 4 5 	1 3 0 2 4 5 
取的資料: 5 2
1 3 0 2 4 5 	4 3 0 2 1 5 
交配
選第3個交配
2 2
2 1
4 2
4 1
第一個交換結果
1 3 0 2 1 5 
第二個交換結果
4 3 0 2 4 5 有1個一樣

產生子代: 
交配結果
4 3 0 2 1 5 	1 3 0 2 4 5 
第0島嶼(OF): 
58.000000 
58.000000 
48.000000 
48.000000 
48.000000 
48.000000 
48.000000 
48.000000 
48.000000 
59.000000 
第1島嶼(OF): 
48.000000 
59.000000 
85.618118 
48.000000 
48.000000 
48.000000 
48.000000 
48.000000 
48.000000 
48.000000 
新的子代
1 3 0 2 4 5 
1 3 0 2 4 5 
1 5 0 2 4 3 
1 3 0 2 4 5 
1 3 0 2 4 5 
1 3 0 2 4 5 
4 3 0 2 1 5 
1 3 0 2 4 5 
1 3 0 2 4 5 
1 3 0 2 4 5 

1 3 0 2 4 5 
1 3 0 2 4 5 
1 3 0 2 4 5 
1 3 0 2 4 5 
4 3 0 2 1 5 
1 3 0 2 4 5 
1 3 0 2 4 5 
1 3 0 2 4 5 
4 3 0 2 1 5 
1 3 0 2 4 5 

第22世代

第0島嶼: 
0: 1 3 0 2 4 5 
 : 0 0 0 0 0 sum = 48.000000
1: 1 3 0 2 4 5 
 : 0 0 0 0 0 sum = 48.000000
2: 1 5 0 2 4 3 
 : 0 0 0 0 0 sum = 58.000000
3: 1 3 0 2 4 5 
 : 0 0 0 0 0 sum = 48.000000
4: 1 3 0 2 4 5 
 : 0 0 0 0 0 sum = 48.000000
5: 1 3 0 2 4 5 
 : 0 0 0 0 0 sum = 48.000000
6: 4 3 0 2 1 5 
 : 0 0 0 0 0 sum = 59.000000
7: 1 3 0 2 4 5 
 : 0 0 0 0 0 sum = 48.000000
8: 1 3 0 2 4 5 
 : 0 0 0 0 0 sum = 48.000000
9: 1 3 0 2 4 5 
 : 0 0 0 0 0 sum = 48.000000
第1島嶼: 
0: 1 3 0 2 4 5 
 : 0 0 0 0 0 sum = 48.000000
1: 1 3 0 2 4 5 
 : 0 0 0 0 0 sum = 48.000000
2: 1 3 0 2 4 5 
 : 0 0 0 0 0 sum = 48.000000
3: 1 3 0 2 4 5 
 : 0 0 0 0 0 sum = 48.000000
4: 4 3 0 2 1 5 
 : 0 0 0 0 0 sum = 59.000000
5: 1 3 0 2 4 5 
 : 0 0 0 0 0 sum = 48.000000
6: 1 3 0 2 4 5 
 : 0 0 0 0 0 sum = 48.000000
7: 1 3 0 2 4 5 
 : 0 0 0 0 0 sum = 48.000000
8: 4 3 0 2 1 5 
 : 0 0 0 0 0 sum = 59.000000
9: 1 3 0 2 4 5 
 : 0 0 0 0 0 sum = 48.000000
第0島嶼: 
取的資料: 4 7
1 3 0 2 4 5 	1 3 0 2 4 5 
沒有交配
取的資料: 9 2
1 3 0 2 4 5 	1 5 0 2 4 3 
沒有交配
取的資料: 6 8
4 3 0 2 1 5 	1 3 0 2 4 5 
交配
選第1個交配
3 3
3 0
0 3
0 0
第一個交換結果
4 3 0 2 1 5 
第二個交換結果
1 3 0 2 4 5 有2個一樣

交配結果
4 3 0 2 1 5 	1 3 0 2 4 5 
取的資料: 9 2
1 3 0 2 4 5 	1 5 0 2 4 3 
交配
選第1個交配
3 5
3 0
0 5
0 0
第一個交換結果
1 5 0 2 4 5 
第二個交換結果
1 3 0 2 4 3 有1個一樣

產生子代: 
交配結果
1 5 0 2 4 3 	1 3 0 2 4 5 
取的資料: 1 4
1 3 0 2 4 5 	1 3 0 2 4 5 
交配
選第2個交配
0 0
0 2
2 0
2 2
第一個交換結果
1 3 0 2 4 5 
第二個交換結果
1 3 0 2 4 5 有2個一樣

交配結果
1 3 0 2 4 5 	1 3 0 2 4 5 
第1島嶼: 
取的資料: 8 3
4 3 0 2 1 5 	1 3 0 2 4 5 
沒有交配
取的資料: 6 5
1 3 0 2 4 5 	1 3 0 2 4 5 
交配
選第4個交配
4 4
4 5
5 4
5 5
第一個交換結果
1 3 0 2 4 5 
第二個交換結果
1 3 0 2 4 5 有2個一樣

交配結果
1 3 0 2 4 5 	1 3 0 2 4 5 
取的資料: 8 9
4 3 0 2 1 5 	1 3 0 2 4 5 
沒有交配
取的資料: 7 5
1 3 0 2 4 5 	1 3 0 2 4 5 
交配
選第2個交配
0 0
0 2
2 0
2 2
第一個交換結果
1 3 0 2 4 5 
第二個交換結果
1 3 0 2 4 5 有2個一樣

交配結果
1 3 0 2 4 5 	1 3 0 2 4 5 
取的資料: 5 2
1 3 0 2 4 5 	1 3 0 2 4 5 
交配
選第3個交配
2 2
2 4
4 2
4 4
第一個交換結果
1 3 0 2 4 5 
第二個交換結果
1 3 0 2 4 5 有2個一樣

交配結果
1 3 0 2 4 5 	1 3 0 2 4 5 
第0島嶼(OF): 
48.000000 
48.000000 
58.000000 
48.000000 
48.000000 
48.000000 
59.000000 
48.000000 
48.000000 
48.000000 
第1島嶼(OF): 
48.000000 
48.000000 
48.000000 
48.000000 
59.000000 
48.000000 
48.000000 
48.000000 
59.000000 
48.000000 
新的子代
1 3 0 2 4 5 
1 3 0 2 4 5 
1 3 0 2 4 5 
1 5 0 2 4 3 
4 3 0 2 1 5 
1 3 0 2 4 5 
2 5 0 1 4 3 
1 3 0 2 4 5 
1 3 0 2 4 5 
1 3 0 2 4 5 

4 3 0 2 1 5 
1 3 0 2 4 5 
1 3 0 2 4 5 
1 3 0 2 4 5 
4 3 0 2 1 5 
1 3 0 2 4 5 
1 3 0 2 4 5 
1 3 0 2 4 5 
1 3 0 2 4 5 
1 3 0 2 4 5 

第23世代

第0島嶼: 
0: 1 3 0 2 4 5 
 : 0 0 0 0 0 sum = 48.000000
1: 1 3 0 2 4 5 
 : 0 0 0 0 0 sum = 48.000000
2: 1 3 0 2 4 5 
 : 0 0 0 0 0 sum = 48.000000
3: 1 5 0 2 4 3 
 : 0 0 0 0 0 sum = 58.000000
4: 4 3 0 2 1 5 
 : 0 0 0 0 0 sum = 59.000000
5: 1 3 0 2 4 5 
 : 0 0 0 0 0 sum = 48.000000
6: 2 5 0 1 4 3 
 : 0 0 1 0 0 sum = 86.382591
7: 1 3 0 2 4 5 
 : 0 0 0 0 0 sum = 48.000000
8: 1 3 0 2 4 5 
 : 0 0 0 0 0 sum = 48.000000
9: 1 3 0 2 4 5 
 : 0 0 0 0 0 sum = 48.000000
第1島嶼: 
0: 4 3 0 2 1 5 
 : 0 0 0 0 0 sum = 59.000000
1: 1 3 0 2 4 5 
 : 0 0 0 0 0 sum = 48.000000
2: 1 3 0 2 4 5 
 : 0 0 0 0 0 sum = 48.000000
3: 1 3 0 2 4 5 
 : 0 0 0 0 0 sum = 48.000000
4: 4 3 0 2 1 5 
 : 0 0 0 0 0 sum = 59.000000
5: 1 3 0 2 4 5 
 : 0 0 0 0 0 sum = 48.000000
6: 1 3 0 2 4 5 
 : 1 0 0 0 0 sum = 62.213573
7: 1 3 0 2 4 5 
 : 0 0 0 0 0 sum = 48.000000
8: 1 3 0 2 4 5 
 : 0 0 0 0 0 sum = 48.000000
9: 1 3 0 2 4 5 
 : 0 0 0 0 0 sum = 48.000000
第0島嶼: 
取的資料: 8 5
1 3 0 2 4 5 	1 3 0 2 4 5 
沒有交配
取的資料: 8 2
1 3 0 2 4 5 	1 3 0 2 4 5 
沒有交配
取的資料: 9 2
1 3 0 2 4 5 	1 3 0 2 4 5 
交配
選第2個交配
0 0
0 2
2 0
2 2
第一個交換結果
1 3 0 2 4 5 
第二個交換結果
1 3 0 2 4 5 有2個一樣

交配結果
1 3 0 2 4 5 	1 3 0 2 4 5 
取的資料: 9 6
1 3 0 2 4 5 	2 5 0 1 4 3 
沒有交配
取的資料: 5 8
1 3 0 2 4 5 	1 3 0 2 4 5 
交配
選第3個交配
2 2
2 4
4 2
4 4
第一個交換結果
1 3 0 2 4 5 
第二個交換結果
1 3 0 2 4 5 有2個一樣

交配結果
1 3 0 2 4 5 	1 3 0 2 4 5 
第1島嶼: 
取的資料: 6 8
1 3 0 2 4 5 	1 3 0 2 4 5 
交配
選第0個交配
1 1
1 3
3 1
3 3
第一個交換結果
1 3 0 2 4 5 
第二個交換結果
1 3 0 2 4 5 有2個一樣

交配結果
1 3 0 2 4 5 	1 3 0 2 4 5 
取的資料: 3 9
1 3 0 2 4 5 	1 3 0 2 4 5 
沒有交配
取的資料: 6 1
1 3 0 2 4 5 	1 3 0 2 4 5 
交配
選第3個交配
2 2
2 4
4 2
4 4
第一個交換結果
1 3 0 2 4 5 
第二個交換結果
1 3 0 2 4 5 有2個一樣

交配結果
1 3 0 2 4 5 	1 3 0 2 4 5 
取的資料: 3 6
1 3 0 2 4 5 	1 3 0 2 4 5 
沒有交配
取的資料: 3 4
1 3 0 2 4 5 	4 3 0 2 1 5 
交配
選第4個交配
4 1
4 5
5 1
5 5
第一個交換結果
1 3 0 2 1 5 
第二個交換結果
4 3 0 2 4 5 有1個一樣

產生子代: 
交配結果
4 3 0 2 1 5 	1 3 0 2 4 5 
第0島嶼(OF): 
48.000000 
48.000000 
48.000000 
58.000000 
59.000000 
48.000000 
86.382591 
48.000000 
48.000000 
48.000000 
第1島嶼(OF): 
59.000000 
48.000000 
48.000000 
48.000000 
59.000000 
48.000000 
62.213573 
48.000000 
48.000000 
48.000000 
新的子代
1 3 0 2 4 5 
1 3 0 2 4 5 
1 3 0 2 4 5 
1 3 0 2 4 5 
1 3 0 2 4 5 
1 3 0 2 4 5 
1 3 0 2 4 5 
2 5 0 1 4 3 
1 3 0 2 4 5 
1 3 0 2 4 5 

1 3 0 2 4 5 
1 3 0 2 4 5 
1 3 0 2 4 5 
1 3 0 2 4 5 
1 3 0 2 4 5 
1 3 0 2 4 5 
1 3 0 2 4 5 
1 3 0 2 4 5 
4 3 0 2 1 5 
1 3 0 2 4 5 

第24世代

第0島嶼: 
0: 1 3 0 2 4 5 
 : 0 0 0 0 0 sum = 48.000000
1: 1 3 0 2 4 5 
 : 0 0 0 0 0 sum = 48.000000
2: 1 3 0 2 4 5 
 : 0 0 0 0 0 sum = 48.000000
3: 1 3 0 2 4 5 
 : 0 0 0 0 0 sum = 48.000000
4: 1 3 0 2 4 5 
 : 0 0 0 0 0 sum = 48.000000
5: 1 3 0 2 4 5 
 : 0 0 0 0 0 sum = 48.000000
6: 1 3 0 2 4 5 
 : 0 1 0 0 0 sum = 78.270782
7: 2 5 0 1 4 3 
 : 0 0 1 0 0 sum = 86.382591
8: 1 3 0 2 4 5 
 : 0 0 0 0 0 sum = 48.000000
9: 1 3 0 2 4 5 
 : 0 0 0 0 0 sum = 48.000000
第1島嶼: 
0: 1 3 0 2 4 5 
 : 1 0 0 0 0 sum = 62.213573
1: 1 3 0 2 4 5 
 : 1 0 0 0 0 sum = 62.213573
2: 1 3 0 2 4 5 
 : 0 0 0 0 0 sum = 48.000000
3: 1 3 0 2 4 5 
 : 0 0 0 0 0 sum = 48.000000
4: 1 3 0 2 4 5 
 : 1 0 0 0 0 sum = 62.213573
5: 1 3 0 2 4 5 
 : 0 0 0 0 0 sum = 48.000000
6: 1 3 0 2 4 5 
 : 0 0 0 0 0 sum = 48.000000
7: 1 3 0 2 4 5 
 : 1 1 0 0 0 sum = 96.188118
8: 4 3 0 2 1 5 
 : 0 0 0 0 0 sum = 59.000000
9: 1 3 0 2 4 5 
 : 0 0 0 0 0 sum = 48.000000
第0島嶼: 
取的資料: 9 9
1 3 0 2 4 5 	1 3 0 2 4 5 
沒有交配
取的資料: 3 4
1 3 0 2 4 5 	1 3 0 2 4 5 
沒有交配
取的資料: 5 1
1 3 0 2 4 5 	1 3 0 2 4 5 
沒有交配
取的資料: 8 5
1 3 0 2 4 5 	1 3 0 2 4 5 
沒有交配
取的資料: 8 3
1 3 0 2 4 5 	1 3 0 2 4 5 
沒有交配
第1島嶼: 
取的資料: 9 8
1 3 0 2 4 5 	4 3 0 2 1 5 
沒有交配
取的資料: 8 6
4 3 0 2 1 5 	1 3 0 2 4 5 
沒有交配
取的資料: 1 6
1 3 0 2 4 5 	1 3 0 2 4 5 
交配
選第3個交配
2 2
2 4
4 2
4 4
第一個交換結果
1 3 0 2 4 5 
第二個交換結果
1 3 0 2 4 5 有2個一樣

交配結果
1 3 0 2 4 5 	1 3 0 2 4 5 
取的資料: 9 5
1 3 0 2 4 5 	1 3 0 2 4 5 
交配
選第4個交配
4 4
4 5
5 4
5 5
第一個交換結果
1 3 0 2 4 5 
第二個交換結果
1 3 0 2 4 5 有2個一樣

交配結果
1 3 0 2 4 5 	1 3 0 2 4 5 
取的資料: 5 5
1 3 0 2 4 5 	1 3 0 2 4 5 
沒有交配
***migration***
第0島嶼(OF): 
48.000000 
48.000000 
48.000000 
48.000000 
48.000000 
48.000000 
78.270782 
86.382591 
48.000000 
48.000000 
第1島嶼(OF): 
62.213573 
62.213573 
48.000000 
48.000000 
62.213573 
48.000000 
48.000000 
96.188118 
59.000000 
48.000000 
新的子代
1 3 0 2 4 5 
4 3 0 2 1 5 
4 3 0 2 1 5 
1 3 0 2 4 5 
1 3 0 2 4 5 
1 3 0 2 4 5 
0 3 1 2 4 5 
1 3 0 2 4 5 
1 3 0 2 4 5 
1 3 0 4 2 5 

1 3 0 2 4 5 
4 3 0 2 1 5 
4 3 0 2 1 5 
1 3 0 2 4 5 
1 3 0 2 4 5 
1 3 0 2 4 5 
1 3 0 2 4 5 
1 3 0 2 4 5 
1 3 0 2 4 5 
1 3 0 2 4 5 

第25世代

第0島嶼: 
0: 1 3 0 2 4 5 
 : 0 0 0 0 0 sum = 48.000000
1: 4 3 0 2 1 5 
 : 0 0 0 0 0 sum = 59.000000
2: 4 3 0 2 1 5 
 : 0 0 0 0 0 sum = 59.000000
3: 1 3 0 2 4 5 
 : 0 0 0 0 0 sum = 48.000000
4: 1 3 0 2 4 5 
 : 0 0 0 0 0 sum = 48.000000
5: 1 3 0 2 4 5 
 : 0 0 0 0 0 sum = 48.000000
6: 0 3 1 2 4 5 
 : 0 0 0 0 0 sum = 50.000000
7: 1 3 0 2 4 5 
 : 0 0 0 0 0 sum = 48.000000
8: 1 3 0 2 4 5 
 : 0 0 0 0 0 sum = 48.000000
9: 1 3 0 4 2 5 
 : 0 0 0 0 0 sum = 45.000000
第1島嶼: 
0: 1 3 0 2 4 5 
 : 0 0 0 0 0 sum = 48.000000
1: 4 3 0 2 1 5 
 : 0 0 0 0 0 sum = 59.000000
2: 4 3 0 2 1 5 
 : 0 0 0 0 0 sum = 59.000000
3: 1 3 0 2 4 5 
 : 0 0 0 0 0 sum = 48.000000
4: 1 3 0 2 4 5 
 : 1 0 0 0 0 sum = 62.213573
5: 1 3 0 2 4 5 
 : 0 0 0 0 0 sum = 48.000000
6: 1 3 0 2 4 5 
 : 0 0 0 0 0 sum = 48.000000
7: 1 3 0 2 4 5 
 : 0 0 1 0 0 sum = 81.790237
8: 1 3 0 2 4 5 
 : 0 0 0 0 0 sum = 48.000000
9: 1 3 0 2 4 5 
 : 0 0 0 0 0 sum = 48.000000
第0島嶼: 
取的資料: 5 5
1 3 0 2 4 5 	1 3 0 2 4 5 
交配
選第2個交配
0 0
0 2
2 0
2 2
第一個交換結果
1 3 0 2 4 5 
第二個交換結果
1 3 0 2 4 5 有2個一樣

交配結果
1 3 0 2 4 5 	1 3 0 2 4 5 
取的資料: 3 9
1 3 0 2 4 5 	1 3 0 4 2 5 
交配
選第3個交配
2 4
2 2
4 4
4 2
第一個交換結果
1 3 0 4 2 5 
第二個交換結果
1 3 0 2 4 5 有2個一樣

交配結果
1 3 0 4 2 5 	1 3 0 2 4 5 
取的資料: 6 5
0 3 1 2 4 5 	1 3 0 2 4 5 
沒有交配
取的資料: 5 9
1 3 0 2 4 5 	1 3 0 4 2 5 
沒有交配
取的資料: 6 9
0 3 1 2 4 5 	1 3 0 4 2 5 
交配
選第2個交配
1 0
1 4
2 0
2 4
第一個交換結果
0 3 0 4 4 5 
第二個交換結果
1 3 1 2 2 5 有0個一樣

產生第一個子代: 1 3 0 4 2 5 
產生第二個子代: 0 3 1 2 4 5 
交配結果
1 3 0 4 2 5 	0 3 1 2 4 5 
第1島嶼: 
取的資料: 3 9
1 3 0 2 4 5 	1 3 0 2 4 5 
沒有交配
取的資料: 3 2
1 3 0 2 4 5 	4 3 0 2 1 5 
交配
選第4個交配
4 1
4 5
5 1
5 5
第一個交換結果
1 3 0 2 1 5 
第二個交換結果
4 3 0 2 4 5 有1個一樣

產生子代: 
交配結果
4 3 0 2 1 5 	1 3 0 2 4 5 
取的資料: 3 9
1 3 0 2 4 5 	1 3 0 2 4 5 
交配
選第2個交配
0 0
0 2
2 0
2 2
第一個交換結果
1 3 0 2 4 5 
第二個交換結果
1 3 0 2 4 5 有2個一樣

交配結果
1 3 0 2 4 5 	1 3 0 2 4 5 
取的資料: 9 9
1 3 0 2 4 5 	1 3 0 2 4 5 
沒有交配
取的資料: 4 6
1 3 0 2 4 5 	1 3 0 2 4 5 
沒有交配
第0島嶼(OF): 
48.000000 
59.000000 
59.000000 
48.000000 
48.000000 
48.000000 
50.000000 
48.000000 
48.000000 
45.000000 
第1島嶼(OF): 
48.000000 
59.000000 
59.000000 
48.000000 
62.213573 
48.000000 
48.000000 
81.790237 
48.000000 
48.000000 
新的子代
1 3 0 2 4 5 
1 3 0 2 4 5 
1 3 0 4 2 5 
1 3 0 2 4 5 
0 3 1 2 4 5 
1 3 0 2 4 5 
1 3 0 2 4 5 
1 3 0 4 2 5 
1 3 0 4 2 5 
0 3 1 2 4 5 

1 3 0 2 4 5 
1 3 0 2 4 5 
4 3 0 2 1 5 
1 3 0 2 4 5 
1 3 0 2 4 5 
1 3 0 2 4 5 
1 3 0 2 4 5 
1 3 0 2 4 5 
1 3 0 2 4 5 
1 3 0 2 4 5 

第26世代

第0島嶼: 
0: 1 3 0 2 4 5 
 : 0 0 0 0 0 sum = 48.000000
1: 1 3 0 2 4 5 
 : 0 0 0 0 0 sum = 48.000000
2: 1 3 0 4 2 5 
 : 0 0 0 0 0 sum = 45.000000
3: 1 3 0 2 4 5 
 : 0 0 0 0 0 sum = 48.000000
4: 0 3 1 2 4 5 
 : 0 0 0 0 0 sum = 50.000000
5: 1 3 0 2 4 5 
 : 0 0 0 0 0 sum = 48.000000
6: 1 3 0 2 4 5 
 : 0 0 0 0 0 sum = 48.000000
7: 1 3 0 4 2 5 
 : 0 0 0 0 0 sum = 45.000000
8: 1 3 0 4 2 5 
 : 0 0 0 0 0 sum = 45.000000
9: 0 3 1 2 4 5 
 : 0 0 0 0 0 sum = 50.000000
第1島嶼: 
0: 1 3 0 2 4 5 
 : 0 0 0 0 0 sum = 48.000000
1: 1 3 0 2 4 5 
 : 0 0 0 0 0 sum = 48.000000
2: 4 3 0 2 1 5 
 : 0 0 0 0 0 sum = 59.000000
3: 1 3 0 2 4 5 
 : 0 0 0 0 0 sum = 48.000000
4: 1 3 0 2 4 5 
 : 0 0 0 0 0 sum = 48.000000
5: 1 3 0 2 4 5 
 : 0 0 0 0 0 sum = 48.000000
6: 1 3 0 2 4 5 
 : 0 0 0 0 0 sum = 48.000000
7: 1 3 0 2 4 5 
 : 0 0 0 0 0 sum = 48.000000
8: 1 3 0 2 4 5 
 : 1 0 0 0 0 sum = 62.213573
9: 1 3 0 2 4 5 
 : 0 0 0 0 0 sum = 48.000000
第0島嶼: 
取的資料: 3 3
1 3 0 2 4 5 	1 3 0 2 4 5 
交配
選第4個交配
4 4
4 5
5 4
5 5
第一個交換結果
1 3 0 2 4 5 
第二個交換結果
1 3 0 2 4 5 有2個一樣

交配結果
1 3 0 2 4 5 	1 3 0 2 4 5 
取的資料: 7 8
1 3 0 4 2 5 	1 3 0 4 2 5 
交配
選第0個交配
1 1
1 3
3 1
3 3
第一個交換結果
1 3 0 4 2 5 
第二個交換結果
1 3 0 4 2 5 有2個一樣

交配結果
1 3 0 4 2 5 	1 3 0 4 2 5 
取的資料: 9 8
0 3 1 2 4 5 	1 3 0 4 2 5 
交配
選第2個交配
1 0
1 4
2 0
2 4
第一個交換結果
0 3 0 4 4 5 
第二個交換結果
1 3 1 2 2 5 有0個一樣

產生第一個子代: 1 3 0 4 2 5 
產生第二個子代: 0 3 1 2 4 5 
交配結果
1 3 0 4 2 5 	0 3 1 2 4 5 
取的資料: 2 2
1 3 0 4 2 5 	1 3 0 4 2 5 
交配
選第0個交配
1 1
1 3
3 1
3 3
第一個交換結果
1 3 0 4 2 5 
第二個交換結果
1 3 0 4 2 5 有2個一樣

交配結果
1 3 0 4 2 5 	1 3 0 4 2 5 
取的資料: 9 6
0 3 1 2 4 5 	1 3 0 2 4 5 
沒有交配
第1島嶼: 
取的資料: 9 2
1 3 0 2 4 5 	4 3 0 2 1 5 
交配
選第1個交配
3 3
3 0
0 3
0 0
第一個交換結果
1 3 0 2 4 5 
第二個交換結果
4 3 0 2 1 5 有2個一樣

交配結果
1 3 0 2 4 5 	4 3 0 2 1 5 
取的資料: 2 3
4 3 0 2 1 5 	1 3 0 2 4 5 
沒有交配
取的資料: 2 9
4 3 0 2 1 5 	1 3 0 2 4 5 
沒有交配
取的資料: 5 1
1 3 0 2 4 5 	1 3 0 2 4 5 
交配
選第2個交配
0 0
0 2
2 0
2 2
第一個交換結果
1 3 0 2 4 5 
第二個交換結果
1 3 0 2 4 5 有2個一樣

交配結果
1 3 0 2 4 5 	1 3 0 2 4 5 
取的資料: 2 1
4 3 0 2 1 5 	1 3 0 2 4 5 
交配
選第1個交配
3 3
3 0
0 3
0 0
第一個交換結果
4 3 0 2 1 5 
第二個交換結果
1 3 0 2 4 5 有2個一樣

交配結果
4 3 0 2 1 5 	1 3 0 2 4 5 
第0島嶼(OF): 
48.000000 
48.000000 
45.000000 
48.000000 
50.000000 
48.000000 
48.000000 
45.000000 
45.000000 
50.000000 
第1島嶼(OF): 
48.000000 
48.000000 
59.000000 
48.000000 
48.000000 
48.000000 
48.000000 
48.000000 
62.213573 
48.000000 
新的子代
1 3 0 2 4 5 
1 3 0 2 4 5 
1 3 0 4 2 5 
1 3 0 4 2 5 
1 3 0 4 2 5 
0 3 1 2 4 5 
1 3 0 4 2 5 
1 3 0 4 2 5 
0 3 1 2 4 5 
1 3 0 2 4 5 

1 3 0 2 4 5 
4 3 0 2 1 5 
4 3 0 2 1 5 
1 3 0 2 4 5 
4 3 0 2 1 5 
1 3 0 2 4 5 
1 3 0 2 4 5 
1 3 0 2 4 5 
4 3 0 2 1 5 
1 3 0 2 4 5 

第27世代

第0島嶼: 
0: 1 3 0 2 4 5 
 : 0 0 0 0 0 sum = 48.000000
1: 1 3 0 2 4 5 
 : 0 0 0 0 0 sum = 48.000000
2: 1 3 0 4 2 5 
 : 0 0 0 0 0 sum = 45.000000
3: 1 3 0 4 2 5 
 : 0 0 0 0 0 sum = 45.000000
4: 1 3 0 4 2 5 
 : 0 0 0 0 0 sum = 45.000000
5: 0 3 1 2 4 5 
 : 0 0 0 0 1 sum = 73.431152
6: 1 3 0 4 2 5 
 : 0 0 0 0 0 sum = 45.000000
7: 1 3 0 4 2 5 
 : 0 0 0 0 0 sum = 45.000000
8: 0 3 1 2 4 5 
 : 0 0 0 0 0 sum = 50.000000
9: 1 3 0 2 4 5 
 : 0 0 0 0 0 sum = 48.000000
第1島嶼: 
0: 1 3 0 2 4 5 
 : 0 0 0 0 0 sum = 48.000000
1: 4 3 0 2 1 5 
 : 0 0 0 0 0 sum = 59.000000
2: 4 3 0 2 1 5 
 : 0 0 0 0 0 sum = 59.000000
3: 1 3 0 2 4 5 
 : 0 0 0 0 0 sum = 48.000000
4: 4 3 0 2 1 5 
 : 0 0 0 0 0 sum = 59.000000
5: 1 3 0 2 4 5 
 : 0 0 0 0 0 sum = 48.000000
6: 1 3 0 2 4 5 
 : 0 0 0 0 0 sum = 48.000000
7: 1 3 0 2 4 5 
 : 0 0 0 0 0 sum = 48.000000
8: 4 3 0 2 1 5 
 : 0 0 0 0 0 sum = 59.000000
9: 1 3 0 2 4 5 
 : 0 0 0 0 0 sum = 48.000000
第0島嶼: 
取的資料: 5 1
0 3 1 2 4 5 	1 3 0 2 4 5 
交配
選第1個交配
3 3
3 0
1 3
1 0
第一個交換結果
0 3 0 2 4 5 
第二個交換結果
1 3 1 2 4 5 有1個一樣

產生子代: 
交配結果
1 3 0 2 4 5 	0 3 1 2 4 5 
取的資料: 1 1
1 3 0 2 4 5 	1 3 0 2 4 5 
沒有交配
取的資料: 1 4
1 3 0 2 4 5 	1 3 0 4 2 5 
交配
選第2個交配
0 0
0 4
2 0
2 4
第一個交換結果
1 3 0 4 4 5 
第二個交換結果
1 3 0 2 2 5 有1個一樣

產生子代: 
交配結果
1 3 0 4 2 5 	1 3 0 2 4 5 
取的資料: 9 7
1 3 0 2 4 5 	1 3 0 4 2 5 
交配
選第4個交配
4 2
4 5
5 2
5 5
第一個交換結果
1 3 0 2 2 5 
第二個交換結果
1 3 0 4 4 5 有1個一樣

產生子代: 
交配結果
1 3 0 4 2 5 	1 3 0 2 4 5 
取的資料: 8 3
0 3 1 2 4 5 	1 3 0 4 2 5 
沒有交配
第1島嶼: 
取的資料: 9 9
1 3 0 2 4 5 	1 3 0 2 4 5 
沒有交配
取的資料: 2 2
4 3 0 2 1 5 	4 3 0 2 1 5 
交配
選第1個交配
3 3
3 0
0 3
0 0
第一個交換結果
4 3 0 2 1 5 
第二個交換結果
4 3 0 2 1 5 有2個一樣

交配結果
4 3 0 2 1 5 	4 3 0 2 1 5 
取的資料: 9 9
1 3 0 2 4 5 	1 3 0 2 4 5 
交配
選第3個交配
2 2
2 4
4 2
4 4
第一個交換結果
1 3 0 2 4 5 
第二個交換結果
1 3 0 2 4 5 有2個一樣

交配結果
1 3 0 2 4 5 	1 3 0 2 4 5 
取的資料: 4 1
4 3 0 2 1 5 	4 3 0 2 1 5 
沒有交配
取的資料: 6 6
1 3 0 2 4 5 	1 3 0 2 4 5 
沒有交配
第0島嶼(OF): 
48.000000 
48.000000 
45.000000 
45.000000 
45.000000 
73.431152 
45.000000 
45.000000 
50.000000 
48.000000 
第1島嶼(OF): 
48.000000 
59.000000 
59.000000 
48.000000 
59.000000 
48.000000 
48.000000 
48.000000 
59.000000 
48.000000 
新的子代
1 3 5 2 4 0 
0 3 1 2 4 5 
1 3 0 2 4 5 
1 3 0 2 4 5 
1 3 0 4 2 5 
1 3 0 2 4 5 
1 3 0 4 2 5 
1 3 0 2 4 5 
0 3 1 2 4 5 
1 3 0 4 2 5 

1 3 0 2 4 5 
1 3 0 2 4 5 
4 3 0 2 1 5 
4 3 0 2 1 5 
5 3 0 2 4 1 
1 3 0 2 4 5 
4 3 0 2 1 5 
4 3 0 2 1 5 
1 3 0 2 4 5 
1 3 0 2 4 5 

第28世代

第0島嶼: 
0: 1 3 5 2 4 0 
 : 0 0 0 0 1 sum = 71.807854
1: 0 3 1 2 4 5 
 : 0 0 0 0 0 sum = 50.000000
2: 1 3 0 2 4 5 
 : 0 0 0 0 0 sum = 48.000000
3: 1 3 0 2 4 5 
 : 0 0 0 0 0 sum = 48.000000
4: 1 3 0 4 2 5 
 : 0 0 0 0 0 sum = 45.000000
5: 1 3 0 2 4 5 
 : 0 0 0 0 0 sum = 48.000000
6: 1 3 0 4 2 5 
 : 0 0 0 0 0 sum = 45.000000
7: 1 3 0 2 4 5 
 : 0 0 0 0 0 sum = 48.000000
8: 0 3 1 2 4 5 
 : 0 0 0 0 0 sum = 50.000000
9: 1 3 0 4 2 5 
 : 0 0 0 0 0 sum = 45.000000
第1島嶼: 
0: 1 3 0 2 4 5 
 : 0 0 0 0 0 sum = 48.000000
1: 1 3 0 2 4 5 
 : 0 0 0 0 0 sum = 48.000000
2: 4 3 0 2 1 5 
 : 0 0 0 0 0 sum = 59.000000
3: 4 3 0 2 1 5 
 : 0 0 0 0 0 sum = 59.000000
4: 5 3 0 2 4 1 
 : 0 0 0 0 0 sum = 52.000000
5: 1 3 0 2 4 5 
 : 0 0 0 0 0 sum = 48.000000
6: 4 3 0 2 1 5 
 : 0 0 0 0 0 sum = 59.000000
7: 4 3 0 2 1 5 
 : 0 0 0 0 0 sum = 59.000000
8: 1 3 0 2 4 5 
 : 0 0 0 0 0 sum = 48.000000
9: 1 3 0 2 4 5 
 : 0 0 0 0 0 sum = 48.000000
第0島嶼: 
取的資料: 7 3
1 3 0 2 4 5 	1 3 0 2 4 5 
沒有交配
取的資料: 4 8
1 3 0 4 2 5 	0 3 1 2 4 5 
沒有交配
取的資料: 6 1
1 3 0 4 2 5 	0 3 1 2 4 5 
交配
選第2個交配
0 1
0 2
4 1
4 2
第一個交換結果
1 3 1 2 2 5 
第二個交換結果
0 3 0 4 4 5 有0個一樣

產生第一個子代: 0 3 1 2 4 5 
產生第二個子代: 1 3 0 4 2 5 
交配結果
0 3 1 2 4 5 	1 3 0 4 2 5 
取的資料: 7 4
1 3 0 2 4 5 	1 3 0 4 2 5 
交配
選第0個交配
1 1
1 3
3 1
3 3
第一個交換結果
1 3 0 2 4 5 
第二個交換結果
1 3 0 4 2 5 有2個一樣

交配結果
1 3 0 2 4 5 	1 3 0 4 2 5 
取的資料: 6 3
1 3 0 4 2 5 	1 3 0 2 4 5 
沒有交配
第1島嶼: 
取的資料: 9 3
1 3 0 2 4 5 	4 3 0 2 1 5 
沒有交配
取的資料: 9 6
1 3 0 2 4 5 	4 3 0 2 1 5 
沒有交配
取的資料: 9 7
1 3 0 2 4 5 	4 3 0 2 1 5 
沒有交配
取的資料: 9 9
1 3 0 2 4 5 	1 3 0 2 4 5 
交配
選第0個交配
1 1
1 3
3 1
3 3
第一個交換結果
1 3 0 2 4 5 
第二個交換結果
1 3 0 2 4 5 有2個一樣

交配結果
1 3 0 2 4 5 	1 3 0 2 4 5 
取的資料: 1 8
1 3 0 2 4 5 	1 3 0 2 4 5 
交配
選第2個交配
0 0
0 2
2 0
2 2
第一個交換結果
1 3 0 2 4 5 
第二個交換結果
1 3 0 2 4 5 有2個一樣

交配結果
1 3 0 2 4 5 	1 3 0 2 4 5 
第0島嶼(OF): 
71.807854 
50.000000 
48.000000 
48.000000 
45.000000 
48.000000 
45.000000 
48.000000 
50.000000 
45.000000 
第1島嶼(OF): 
48.000000 
48.000000 
59.000000 
59.000000 
52.000000 
48.000000 
59.000000 
59.000000 
48.000000 
48.000000 
新的子代
1 3 0 2 4 5 
1 3 0 4 2 5 
1 3 0 4 2 5 
0 3 1 2 4 5 
0 3 1 2 4 5 
1 3 0 4 2 5 
1 3 0 2 4 5 
1 3 0 4 2 5 
1 3 0 4 2 5 
1 3 0 2 4 5 

1 3 0 2 4 5 
4 3 0 2 1 5 
1 3 0 2 4 5 
4 3 0 2 1 5 
1 3 0 2 4 5 
4 3 5 2 1 0 
1 3 0 2 4 5 
1 3 0 2 4 5 
1 3 0 2 4 5 
1 3 0 2 4 5 

第29世代

第0島嶼: 
0: 1 3 0 2 4 5 
 : 0 0 0 0 0 sum = 48.000000
1: 1 3 0 4 2 5 
 : 0 0 0 0 0 sum = 45.000000
2: 1 3 0 4 2 5 
 : 0 0 0 0 0 sum = 45.000000
3: 0 3 1 2 4 5 
 : 0 0 0 0 0 sum = 50.000000
4: 0 3 1 2 4 5 
 : 0 0 0 0 0 sum = 50.000000
5: 1 3 0 4 2 5 
 : 0 0 0 0 0 sum = 45.000000
6: 1 3 0 2 4 5 
 : 0 0 0 0 0 sum = 48.000000
7: 1 3 0 4 2 5 
 : 0 0 0 0 0 sum = 45.000000
8: 1 3 0 4 2 5 
 : 0 0 0 0 0 sum = 45.000000
9: 1 3 0 2 4 5 
 : 0 0 0 0 0 sum = 48.000000
第1島嶼: 
0: 1 3 0 2 4 5 
 : 0 0 0 0 0 sum = 48.000000
1: 4 3 0 2 1 5 
 : 0 0 0 0 0 sum = 59.000000
2: 1 3 0 2 4 5 
 : 0 0 0 0 0 sum = 48.000000
3: 4 3 0 2 1 5 
 : 0 0 0 0 0 sum = 59.000000
4: 1 3 0 2 4 5 
 : 0 0 0 0 0 sum = 48.000000
5: 4 3 5 2 1 0 
 : 0 0 0 0 0 sum = 59.500000
6: 1 3 0 2 4 5 
 : 0 0 0 0 0 sum = 48.000000
7: 1 3 0 2 4 5 
 : 0 0 0 0 0 sum = 48.000000
8: 1 3 0 2 4 5 
 : 0 0 0 0 0 sum = 48.000000
9: 1 3 0 2 4 5 
 : 0 0 0 0 0 sum = 48.000000
第0島嶼: 
取的資料: 3 4
0 3 1 2 4 5 	0 3 1 2 4 5 
交配
選第3個交配
2 2
2 4
4 2
4 4
第一個交換結果
0 3 1 2 4 5 
第二個交換結果
0 3 1 2 4 5 有2個一樣

交配結果
0 3 1 2 4 5 	0 3 1 2 4 5 
取的資料: 6 2
1 3 0 2 4 5 	1 3 0 4 2 5 
交配
選第2個交配
0 0
0 4
2 0
2 4
第一個交換結果
1 3 0 4 4 5 
第二個交換結果
1 3 0 2 2 5 有1個一樣

產生子代: 
交配結果
1 3 0 4 2 5 	1 3 0 2 4 5 
取的資料: 4 6
0 3 1 2 4 5 	1 3 0 2 4 5 
交配
選第0個交配
0 1
0 3
3 1
3 3
第一個交換結果
1 3 1 2 4 5 
第二個交換結果
0 3 0 2 4 5 有1個一樣

產生子代: 
交配結果
1 3 0 2 4 5 	0 3 1 2 4 5 
取的資料: 8 8
1 3 0 4 2 5 	1 3 0 4 2 5 
交配
選第0個交配
1 1
1 3
3 1
3 3
第一個交換結果
1 3 0 4 2 5 
第二個交換結果
1 3 0 4 2 5 有2個一樣

交配結果
1 3 0 4 2 5 	1 3 0 4 2 5 
取的資料: 5 1
1 3 0 4 2 5 	1 3 0 4 2 5 
交配
選第0個交配
1 1
1 3
3 1
3 3
第一個交換結果
1 3 0 4 2 5 
第二個交換結果
1 3 0 4 2 5 有2個一樣

交配結果
1 3 0 4 2 5 	1 3 0 4 2 5 
第1島嶼: 
取的資料: 5 9
4 3 5 2 1 0 	1 3 0 2 4 5 
沒有交配
取的資料: 6 5
1 3 0 2 4 5 	4 3 5 2 1 0 
沒有交配
取的資料: 8 5
1 3 0 2 4 5 	4 3 5 2 1 0 
交配
選第1個交配
3 3
3 5
0 3
0 5
第一個交換結果
1 3 5 2 4 5 
第二個交換結果
4 3 0 2 1 0 有1個一樣

產生子代: 
交配結果
1 3 5 2 4 0 	4 3 0 2 1 5 
取的資料: 2 9
1 3 0 2 4 5 	1 3 0 2 4 5 
交配
選第3個交配
2 2
2 4
4 2
4 4
第一個交換結果
1 3 0 2 4 5 
第二個交換結果
1 3 0 2 4 5 有2個一樣

交配結果
1 3 0 2 4 5 	1 3 0 2 4 5 
取的資料: 3 8
4 3 0 2 1 5 	1 3 0 2 4 5 
交配
選第1個交配
3 3
3 0
0 3
0 0
第一個交換結果
4 3 0 2 1 5 
第二個交換結果
1 3 0 2 4 5 有2個一樣

交配結果
4 3 0 2 1 5 	1 3 0 2 4 5 
***migration***
第0島嶼(OF): 
48.000000 
45.000000 
45.000000 
50.000000 
50.000000 
45.000000 
48.000000 
45.000000 
45.000000 
48.000000 
第1島嶼(OF): 
48.000000 
59.000000 
48.000000 
59.000000 
48.000000 
59.500000 
48.000000 
48.000000 
48.000000 
48.000000 
新的子代
1 3 0 2 4 5 
4 3 5 2 1 0 
1 3 0 2 4 5 
4 3 5 2 1 0 
1 3 0 2 4 5 
1 3 5 4 2 0 
1 3 0 4 2 5 
1 3 0 4 2 5 
1 3 0 4 2 5 
1 3 0 4 2 5 

1 3 0 2 4 5 
4 3 5 2 1 0 
1 3 0 2 4 5 
4 3 5 2 1 0 
1 3 0 2 4 5 
4 3 0 2 1 5 
1 3 0 2 4 5 
1 3 0 2 4 5 
4 3 0 2 1 5 
1 3 0 2 4 5 

