22 30 5 32 15 8 13 17 21 18 25 0 20 16 19 1 26 29 33 31 6 14 23 34 24 11 12 28 27 3 10 4 9 2 7 
0 1 0 1 1 0 1 1 0 0 0 0 0 1 0 1 1 1 0 0 0 1 0 0 0 0 0 1 0 0 1 1 0 1 
0 13 18 6 20 21 30 27 33 26 11 12 2 15 31 5 1 22 34 9 10 17 25 4 14 3 8 29 23 32 7 16 24 28 19 
0 0 1 1 1 0 1 1 0 1 1 1 0 1 1 1 1 0 0 0 1 0 1 0 1 0 1 1 1 0 0 1 0 1 
23 27 18 16 20 33 14 2 31 22 8 15 12 21 3 32 28 25 26 7 1 30 24 29 34 19 13 0 9 5 4 17 11 6 10 
0 1 1 0 0 0 0 0 0 1 1 0 0 0 1 0 1 0 1 0 0 1 0 0 0 0 1 0 0 1 0 1 0 1 
21 22 29 20 8 0 4 23 27 6 26 15 12 17 28 18 5 10 14 2 3 33 34 16 13 9 7 1 25 19 32 30 31 11 24 
1 0 0 1 1 0 1 0 0 1 1 1 0 1 1 0 1 1 1 0 0 0 0 1 1 0 1 0 1 0 1 1 1 0 
33 8 0 17 6 12 9 2 18 16 23 15 28 21 7 22 20 25 3 31 11 1 14 10 5 30 26 32 34 29 19 13 24 4 27 
1 1 0 0 1 1 1 0 0 0 1 0 0 1 0 1 1 0 0 1 1 1 0 1 1 1 1 0 0 0 0 0 0 0 
21 27 16 31 2 23 32 0 25 15 7 8 24 1 3 12 18 14 30 17 19 26 34 11 20 6 4 10 5 33 9 29 13 28 22 
1 0 0 0 0 1 1 0 1 0 0 1 1 1 1 0 1 0 0 0 0 0 0 0 1 1 1 1 0 1 1 0 1 0 
14 31 6 30 2 12 24 27 21 26 10 11 25 9 15 8 17 19 32 33 4 29 7 5 16 0 23 1 13 28 20 34 22 3 18 
0 0 0 0 0 1 1 0 1 1 1 1 0 1 0 1 0 1 1 0 1 1 0 0 0 1 0 0 0 1 1 0 1 0 
23 6 12 17 26 34 14 5 1 10 29 33 20 0 32 22 25 7 16 15 28 3 2 24 21 13 19 18 4 31 9 30 27 8 11 
1 1 1 1 0 0 0 0 0 0 0 1 0 1 1 1 1 1 0 0 1 0 0 1 1 1 1 1 1 0 0 1 1 0 
1 28 2 31 13 0 25 26 34 14 12 23 24 6 17 29 15 21 19 20 22 18 9 3 33 5 11 30 32 4 27 8 10 16 7 
0 0 0 0 0 0 0 1 0 0 0 1 1 1 1 0 0 1 1 1 0 1 0 1 0 1 0 0 1 1 1 1 1 0 
20 33 9 34 3 4 19 26 0 28 30 1 17 2 8 31 15 16 10 22 27 29 18 12 7 25 6 11 24 23 5 32 14 13 21 
1 1 1 0 0 0 0 1 1 0 0 0 0 1 1 0 0 1 0 0 1 0 1 0 1 1 1 1 1 0 1 1 0 1 
33 30 19 12 32 24 2 8 16 18 26 29 9 3 17 4 1 34 11 25 28 14 20 27 10 13 31 21 15 22 0 5 7 6 23 
1 1 1 0 0 1 0 0 0 0 1 1 1 0 1 1 1 0 1 1 1 0 0 1 0 1 1 0 1 1 0 1 1 1 
19 2 11 13 26 24 32 20 9 22 25 21 14 29 17 16 8 1 15 28 3 6 30 5 33 0 27 18 4 34 12 31 23 7 10 
1 1 1 0 1 0 0 0 1 1 1 1 0 0 1 0 1 1 0 0 0 0 0 1 0 1 1 1 1 0 1 0 1 0 
31 0 22 28 33 24 20 14 2 13 16 4 25 30 7 26 19 21 32 27 15 5 9 3 29 10 6 23 17 12 18 8 34 11 1 
1 0 0 1 1 0 1 0 1 0 1 0 0 0 1 0 0 1 0 1 0 1 1 1 0 0 0 1 1 0 0 0 1 0 
1 28 29 22 3 26 17 33 10 7 4 20 16 34 19 12 21 5 31 11 24 32 8 14 0 25 13 27 18 9 2 6 30 23 15 
0 0 0 0 1 1 1 1 1 0 1 1 0 1 1 0 0 1 0 1 0 0 0 1 1 0 1 0 0 1 1 0 0 0 
26 34 6 12 20 30 19 4 10 32 22 17 25 23 1 24 31 0 3 14 28 7 29 11 13 9 16 5 15 27 18 33 21 8 2 
1 1 1 1 1 0 0 1 1 1 0 1 1 1 1 0 0 0 1 1 0 1 1 0 0 0 1 1 0 1 1 0 1 1 
33 1 8 18 10 24 31 6 30 17 25 16 23 26 9 21 28 27 32 29 34 11 12 3 14 7 22 13 19 5 4 20 0 15 2 
0 0 0 0 1 0 0 1 0 0 1 0 1 1 0 1 0 0 1 1 0 0 0 1 1 1 1 0 0 1 0 1 1 1 
11 7 10 9 12 0 30 23 32 29 33 4 26 24 13 15 6 3 31 17 2 27 18 1 8 34 25 5 19 20 21 28 16 14 22 
0 0 1 0 1 1 1 1 1 1 1 0 1 1 0 0 0 0 1 1 0 1 0 1 1 1 1 1 1 0 1 0 1 0 
10 24 15 14 31 28 7 20 33 32 19 18 4 16 23 29 22 25 2 8 27 17 3 30 12 5 21 26 0 34 1 6 11 13 9 
0 0 1 1 0 0 1 0 0 1 0 0 1 1 1 1 1 1 1 1 1 0 1 0 0 0 1 1 0 0 0 0 1 1 
24 15 19 30 25 33 29 9 2 20 34 17 3 27 22 28 8 18 12 21 6 32 13 23 0 7 31 14 4 1 10 11 16 26 5 
0 1 0 1 0 0 0 1 0 0 0 1 1 0 1 0 0 1 0 0 1 0 0 0 0 1 0 1 0 0 1 0 1 0 
9 25 4 28 21 30 33 20 12 0 27 16 17 32 24 23 6 14 10 26 1 2 15 13 7 5 18 31 19 34 3 29 11 22 8 
1 1 0 0 0 1 0 1 0 0 0 0 1 0 1 0 0 0 0 0 0 1 0 1 0 0 1 0 1 1 1 0 1 0 
15 11 27 21 30 6 19 0 32 5 4 26 1 13 33 23 8 24 29 31 25 22 28 34 2 7 10 20 3 17 12 16 9 14 18 
1 0 0 1 0 0 0 0 0 0 1 0 1 1 1 0 1 0 1 1 1 0 1 1 0 1 0 1 1 1 1 0 1 0 
1 9 21 28 2 6 33 11 22 3 7 31 29 19 4 10 26 18 34 30 14 15 16 12 17 23 25 8 13 32 5 20 0 27 24 
0 0 1 0 0 1 1 0 0 0 0 1 0 0 0 0 0 1 0 0 1 1 1 1 0 1 0 1 1 1 1 0 0 1 
31 6 26 19 5 8 34 1 24 4 29 18 11 12 33 23 15 3 27 13 28 9 32 17 30 0 2 20 25 10 7 14 22 21 16 
0 0 0 1 1 0 0 0 0 0 0 1 0 0 0 1 1 0 0 1 0 1 0 1 0 1 1 0 0 0 0 0 0 1 
7 1 8 12 18 21 28 14 3 34 16 22 15 0 10 24 2 17 20 5 9 32 13 11 25 23 26 33 4 6 30 19 29 27 31 
0 0 1 1 0 0 0 0 0 1 0 1 1 1 0 1 1 0 0 0 1 0 1 0 1 1 0 0 1 0 1 0 0 1 
12 8 22 13 31 3 19 2 28 15 11 24 5 10 6 34 33 16 4 27 23 0 17 30 14 32 29 21 18 25 1 20 9 26 7 
0 1 0 0 1 0 1 0 0 0 1 1 0 0 1 1 0 1 0 1 1 1 0 0 1 1 0 1 1 0 0 1 0 1 
34 21 30 12 8 10 6 26 11 19 15 25 29 28 9 2 27 31 18 22 17 1 24 32 3 16 20 33 0 4 7 5 23 14 13 
0 1 1 1 0 0 0 1 0 0 0 1 0 0 0 1 1 1 1 1 0 1 1 0 1 1 1 0 1 1 1 0 0 1 
20 1 18 34 10 23 30 33 21 16 12 7 11 24 32 2 25 14 26 17 9 15 3 0 4 22 8 13 29 28 27 6 19 31 5 
1 0 1 0 0 1 1 0 0 0 0 0 1 0 1 1 0 0 0 1 0 1 0 1 0 1 1 1 0 0 1 1 0 1 
15 2 27 31 32 8 21 4 22 30 25 26 14 29 13 16 19 28 20 34 18 1 0 9 7 5 10 11 17 24 6 23 33 3 12 
0 1 0 1 1 0 0 0 1 0 1 1 0 0 0 0 0 1 1 1 1 0 1 0 1 1 0 1 0 1 1 0 0 0 
14 28 11 21 25 19 9 34 4 10 5 20 18 16 30 32 24 17 3 8 7 31 1 0 27 29 13 15 2 23 22 6 33 26 12 
1 1 0 1 0 0 0 1 1 0 0 1 1 1 0 0 0 1 1 0 0 0 0 1 0 0 1 0 0 0 1 0 1 1 
13 33 16 25 15 28 32 6 11 17 20 18 5 29 1 4 7 9 30 21 10 0 31 27 2 12 19 3 34 8 22 14 23 24 26 
1 0 1 0 0 0 0 1 1 1 0 1 1 0 1 1 1 0 1 1 1 0 1 0 1 1 1 1 0 0 1 1 1 0 
19 27 13 5 7 31 9 3 15 30 17 22 21 20 14 33 29 16 32 11 10 18 23 25 26 12 34 4 28 6 0 1 24 8 2 
0 0 1 0 0 1 1 1 0 1 1 1 1 1 1 0 1 0 0 1 1 1 1 0 1 0 0 0 1 1 0 0 0 0 
31 7 26 8 32 30 22 2 21 0 16 33 10 28 11 9 27 12 5 23 18 1 29 19 25 13 17 4 34 3 24 6 15 20 14 
0 0 0 1 1 0 0 1 0 0 0 1 1 0 1 1 1 1 0 0 0 0 0 1 0 0 0 1 1 0 1 1 0 0 
16 26 8 0 15 22 33 19 17 14 10 31 23 29 20 11 4 9 34 6 25 5 13 2 1 21 32 3 7 12 27 24 30 18 28 
0 0 1 1 0 0 0 0 0 0 0 1 0 0 1 0 0 1 0 0 0 1 1 0 0 0 0 0 0 1 1 1 1 0 
7 27 9 24 15 33 16 5 12 31 25 23 2 1 13 22 21 0 26 3 30 32 6 34 11 28 20 8 14 19 17 18 4 29 10 
0 0 0 0 1 0 1 0 0 0 0 1 1 1 1 0 1 0 1 1 0 0 1 0 0 0 0 1 0 0 1 0 0 0 
30 14 15 2 4 7 3 16 31 8 10 6 25 20 29 0 28 33 22 11 19 12 18 21 5 9 26 17 34 27 1 24 23 32 13 
0 1 0 0 1 0 1 0 1 1 0 0 1 0 0 0 1 0 0 0 1 0 0 1 1 1 0 0 1 1 0 0 1 1 
9 0 11 7 22 25 4 27 20 8 5 2 1 31 14 12 19 15 28 21 18 34 29 17 33 6 16 24 30 3 23 32 26 13 10 
0 1 0 0 0 0 0 0 0 1 0 0 0 1 1 0 0 1 1 0 1 0 1 0 1 1 1 0 1 1 1 1 1 1 
16 20 26 24 2 4 33 15 8 3 25 23 27 22 21 19 9 17 31 34 30 14 29 12 5 0 1 28 6 18 13 10 32 11 7 
0 0 1 0 0 0 0 1 1 1 1 0 1 0 0 0 0 0 1 0 1 1 1 1 0 0 1 1 1 0 1 0 1 1 
8 15 24 13 12 1 22 2 4 32 18 11 28 34 26 7 33 21 19 0 27 14 25 23 5 6 31 3 17 30 20 10 16 29 9 
1 1 1 1 0 1 1 0 0 0 0 1 0 0 0 0 0 0 0 0 1 1 1 1 1 0 1 0 1 0 0 0 1 0 
4 22 9 26 20 28 32 2 5 29 13 19 18 31 10 34 15 11 1 12 8 23 3 30 33 14 21 25 17 7 6 27 0 24 16 
1 0 1 1 1 1 0 1 1 0 1 1 0 0 1 1 0 0 1 1 1 0 1 0 1 0 0 0 0 1 1 0 0 0 
34 20 6 25 2 17 9 16 0 27 7 28 30 26 31 33 29 14 8 4 24 32 11 18 21 19 12 1 22 15 5 23 13 10 3 
0 0 1 0 1 1 0 0 1 1 1 1 0 0 0 1 0 1 0 1 0 0 0 1 0 1 1 0 0 1 0 0 1 0 
29 11 9 2 31 8 26 21 33 1 12 25 19 0 24 6 32 22 10 5 30 28 18 4 16 15 7 3 23 14 27 34 17 20 13 
0 1 0 0 1 1 0 1 1 0 0 0 1 0 1 0 0 1 0 0 1 0 0 0 0 0 1 0 0 1 1 1 1 1 
21 17 30 31 4 0 25 28 19 22 33 13 8 32 1 20 34 23 27 15 6 11 9 2 10 18 7 24 29 12 5 26 14 16 3 
1 0 0 0 1 0 0 1 1 0 0 0 1 1 0 1 0 0 1 1 0 1 1 0 1 0 1 1 1 1 0 1 1 1 
2 31 9 23 15 29 14 26 1 30 28 32 5 27 34 11 4 13 10 33 24 16 8 25 7 19 3 18 21 0 6 20 12 17 22 
0 0 1 1 0 1 1 1 0 0 1 1 0 0 1 0 1 0 1 0 1 1 1 1 1 1 0 0 0 0 1 0 0 1 
21 1 3 16 10 7 9 2 34 17 22 28 11 4 14 27 18 23 30 33 5 29 0 32 20 19 24 15 26 13 6 12 25 8 31 
0 1 1 1 1 1 1 0 1 1 1 1 1 0 1 1 0 0 1 1 0 0 1 0 0 0 1 0 1 0 1 0 0 0 
12 9 19 6 31 15 26 34 21 14 28 11 22 20 13 25 10 32 2 3 23 29 30 24 18 8 17 1 4 7 0 16 33 27 5 
0 1 0 1 1 0 1 0 1 0 1 0 1 0 1 1 1 0 1 1 0 0 0 1 1 1 0 0 0 1 0 1 1 1 
10 5 17 33 20 22 32 9 0 28 26 31 13 19 3 23 18 12 34 16 7 8 15 11 6 24 29 2 25 21 27 4 1 14 30 
0 0 0 0 1 1 1 1 1 1 1 1 0 0 1 1 0 1 1 1 0 0 0 0 0 1 1 1 0 1 1 0 1 1 
20 1 26 3 29 6 2 23 33 32 9 0 24 19 22 5 25 21 28 10 12 15 8 11 34 7 4 27 17 16 13 14 18 31 30 
1 1 1 0 1 1 1 1 0 0 0 1 1 0 0 0 1 1 0 1 0 1 0 0 0 0 0 1 1 0 0 1 0 1 
33 31 19 26 20 9 30 5 29 15 22 34 13 23 28 32 4 16 12 7 11 21 14 8 17 6 27 25 24 1 0 3 2 10 18 
1 0 1 1 0 1 1 1 1 1 1 1 0 0 1 1 1 1 1 1 0 1 1 1 1 1 1 0 1 0 0 0 0 1 
9 29 22 5 23 13 14 8 1 28 21 18 16 30 6 33 0 4 10 11 15 3 34 7 27 26 2 19 17 24 20 31 32 25 12 
0 1 1 0 1 1 0 0 1 0 1 0 1 1 1 1 1 1 1 1 0 1 0 0 1 0 0 0 0 1 0 0 0 1 
22 7 18 19 4 15 9 0 14 26 21 17 8 30 13 10 31 27 25 28 11 2 1 23 24 20 16 12 29 3 33 34 6 32 5 
0 0 1 0 0 0 1 1 0 1 1 1 0 1 1 1 0 0 1 0 0 1 1 0 0 0 0 1 0 1 1 0 1 0 
7 18 6 3 8 15 25 19 20 0 29 30 27 24 28 22 4 5 9 1 2 23 34 12 21 16 10 13 31 26 32 14 11 17 33 
1 1 0 0 1 1 0 0 0 1 0 0 0 1 1 0 0 1 0 1 0 1 1 1 0 1 1 0 1 0 0 0 1 1 
4 15 2 34 22 25 28 16 23 6 26 27 13 21 7 31 32 33 9 1 14 19 0 18 10 29 8 20 17 12 3 5 24 11 30 
0 0 1 0 1 0 1 0 0 0 0 1 1 0 0 0 1 0 0 0 0 0 1 0 1 1 1 0 0 0 0 1 1 0 
34 3 6 25 0 29 32 24 8 5 18 12 27 10 33 30 17 26 13 2 23 28 16 11 4 22 9 14 20 19 7 31 1 21 15 
1 1 1 0 1 1 0 0 0 1 1 1 1 1 1 1 1 1 0 1 0 0 1 1 0 0 1 1 1 1 0 1 0 0 
5 29 14 28 3 15 32 26 23 12 22 13 2 27 30 16 7 10 24 6 18 33 0 11 20 17 1 31 9 4 21 19 8 34 25 
0 0 0 1 1 1 0 1 0 1 1 0 0 1 0 0 1 1 0 0 1 0 1 1 1 0 1 1 0 0 0 0 0 0 
13 26 24 12 11 23 27 7 8 19 30 32 10 2 18 33 28 15 1 17 34 21 14 16 4 6 5 29 31 22 9 25 20 0 3 
0 0 0 0 1 0 0 0 1 0 1 0 0 1 1 0 0 1 1 0 0 1 0 0 1 1 1 1 1 0 1 0 0 1 
13 19 12 7 14 9 5 17 24 0 32 27 1 25 18 3 33 2 20 16 29 23 34 28 4 22 11 10 31 15 30 26 8 6 21 
0 1 0 1 0 0 0 1 1 1 1 0 1 1 0 1 1 1 0 1 1 0 0 1 0 1 0 1 1 1 1 0 1 1 
7 19 3 15 27 4 14 21 9 34 6 2 8 33 12 22 23 20 11 24 1 29 26 32 30 5 25 31 28 16 13 10 0 17 18 
0 1 0 1 0 0 1 0 0 1 1 0 0 0 1 1 1 0 1 0 1 1 0 1 1 0 1 0 0 1 1 0 0 0 
13 31 21 16 11 15 7 10 18 2 12 33 22 0 1 30 29 27 4 6 32 19 24 5 3 20 8 28 26 25 23 9 17 34 14 
0 1 1 0 1 0 1 0 1 0 1 0 0 1 1 0 1 1 0 1 0 1 0 1 1 1 0 1 0 1 0 0 1 1 
28 32 23 29 15 25 17 31 13 30 33 10 5 24 21 7 26 8 3 20 4 1 9 27 0 34 16 2 11 14 19 6 18 22 12 
1 0 0 0 0 1 1 1 1 0 0 0 1 1 0 1 1 0 1 1 0 0 0 1 0 0 0 1 0 1 1 0 1 1 
12 8 24 1 4 2 29 25 10 26 28 34 11 15 31 0 33 6 18 20 9 21 32 17 13 16 3 22 23 7 14 19 27 30 5 
0 0 1 1 1 1 0 0 0 1 0 1 0 1 1 0 1 0 1 1 1 0 0 0 0 0 1 0 1 0 0 1 0 1 
8 18 19 23 16 30 33 25 9 27 3 20 24 6 5 12 29 11 32 2 0 22 26 28 17 15 7 21 31 13 34 14 1 10 4 
0 1 1 1 1 0 0 0 0 0 0 1 1 0 0 0 1 0 1 1 1 0 1 0 0 0 1 0 0 1 0 0 1 0 
23 17 3 20 29 12 0 19 8 2 4 28 22 11 34 14 9 5 27 21 26 6 30 10 31 18 7 16 24 13 33 15 1 25 32 
1 0 0 1 1 0 0 0 0 1 0 1 1 0 0 0 0 1 1 0 0 0 0 0 0 0 1 0 0 1 0 1 1 0 
6 9 19 7 2 25 12 10 27 30 26 13 23 31 20 22 4 16 3 5 21 33 32 0 8 29 11 28 18 34 24 17 15 1 14 
0 1 0 1 0 0 0 0 0 1 1 0 0 1 1 0 1 1 1 1 0 0 1 0 0 1 0 1 0 0 1 0 1 1 
0 20 7 2 22 12 30 5 27 6 29 1 4 18 33 13 21 26 25 34 8 10 14 9 19 23 17 15 16 24 32 31 11 3 28 
1 1 1 1 1 0 0 1 0 1 0 1 0 0 1 0 0 0 1 0 0 1 1 0 1 1 1 1 1 1 0 1 1 0 
26 0 11 15 5 13 27 28 22 30 21 34 16 8 4 9 19 20 29 7 6 25 24 31 3 23 18 32 1 12 10 2 14 17 33 
1 0 0 0 1 1 0 1 1 1 1 1 0 1 1 0 0 0 1 1 1 1 0 0 0 0 0 0 1 0 0 0 0 1 
17 25 29 20 30 13 2 22 10 31 15 8 12 26 4 34 16 9 32 11 5 27 3 24 14 33 19 23 7 6 0 21 28 18 1 
1 1 0 0 1 0 1 0 0 1 1 0 1 0 0 0 1 1 1 0 1 0 0 0 0 1 1 1 0 0 1 1 0 1 
19 5 33 9 26 10 20 16 31 8 0 18 28 34 32 11 1 14 27 12 29 24 23 22 30 6 3 13 15 4 25 7 17 21 2 
1 1 0 1 1 1 0 0 0 1 0 1 0 0 1 1 1 1 1 0 1 0 0 1 0 0 0 0 0 1 0 1 0 0 
4 17 16 11 5 9 34 15 23 13 18 27 20 30 12 6 14 22 32 29 26 2 0 25 21 33 3 24 28 7 10 19 31 8 1 
0 0 1 1 0 0 1 1 1 0 0 0 0 0 1 1 0 0 0 1 0 0 1 1 0 0 0 0 0 1 0 1 0 1 
16 12 6 9 29 28 5 0 17 15 14 20 13 2 19 33 24 21 11 23 25 32 3 4 7 27 1 10 31 18 8 30 26 22 34 
1 0 1 1 0 1 0 1 1 1 0 0 1 1 0 0 1 1 1 1 1 1 0 0 0 0 1 1 0 1 0 0 1 0 
34 4 11 14 7 20 15 30 21 0 6 22 23 2 5 18 33 12 16 19 8 10 3 29 1 31 24 32 17 26 28 9 27 13 25 
0 1 0 0 0 1 0 1 1 1 0 1 1 0 1 1 0 1 0 1 0 0 1 0 1 1 0 0 1 1 0 0 1 0 
20 26 18 29 19 13 28 31 10 2 4 32 12 34 23 33 1 5 21 3 17 16 6 9 24 8 0 7 14 15 27 25 11 30 22 
0 1 1 1 0 1 1 1 0 0 1 0 1 0 0 0 0 1 1 1 0 0 0 0 1 0 1 1 0 1 0 1 1 0 
23 19 6 10 18 14 0 31 29 3 30 15 12 16 25 26 28 9 24 20 34 22 1 5 27 11 32 7 4 17 8 2 13 33 21 
0 0 1 0 0 0 0 1 0 1 0 0 1 1 1 0 1 1 1 1 1 1 1 1 0 0 0 1 0 0 1 1 0 0 
3 25 22 20 31 12 7 24 13 23 18 8 2 9 19 29 17 1 5 14 10 11 6 33 34 26 27 21 0 4 30 32 28 16 15 
1 0 1 1 0 1 0 0 0 0 1 0 0 1 1 1 1 1 0 1 1 0 1 0 1 1 0 0 0 1 0 0 1 0 
11 9 16 23 26 32 22 17 34 30 1 4 20 6 27 5 28 15 7 0 33 24 19 21 14 2 13 8 18 29 25 12 31 3 10 
0 0 1 1 1 1 0 1 1 0 1 0 1 1 1 1 0 0 0 1 0 0 0 0 0 0 0 1 0 1 1 0 1 0 
15 34 22 25 12 32 31 1 11 24 9 16 27 21 5 8 33 19 26 6 10 7 13 3 2 23 14 17 28 20 4 29 30 18 0 
1 0 0 1 0 1 0 0 0 0 1 0 0 1 0 0 0 1 0 1 1 0 0 1 0 0 0 0 1 0 0 0 1 0 
33 8 23 5 34 7 14 22 2 11 20 18 9 12 1 16 0 6 24 3 13 17 27 19 4 29 26 30 31 32 10 28 21 15 25 
0 1 1 1 0 0 1 1 0 1 1 0 0 0 1 0 0 1 0 0 0 1 0 1 0 0 1 1 1 0 0 0 1 1 
4 9 34 8 5 33 24 10 3 17 18 14 11 13 29 28 26 30 12 32 21 23 19 27 15 16 0 31 22 6 7 20 1 25 2 
0 0 0 1 1 1 0 1 0 1 1 0 1 1 0 1 0 0 0 1 1 1 1 1 0 1 1 1 0 0 0 1 0 1 
1 32 33 13 18 17 15 23 28 16 27 24 0 30 4 31 21 26 22 5 8 6 20 7 11 25 2 9 19 12 3 14 34 29 10 
1 0 0 1 1 0 1 0 1 0 0 1 0 1 0 1 1 0 1 1 0 0 0 1 1 0 0 0 0 1 1 1 1 0 
5 20 0 29 19 13 33 21 17 10 8 12 23 16 32 24 22 2 26 34 27 14 7 11 25 9 28 30 18 3 31 1 4 6 15 
0 0 1 0 0 0 0 0 1 1 1 1 0 1 0 1 1 0 1 1 0 0 1 1 0 0 0 1 0 0 0 0 0 1 
23 0 16 28 26 30 12 8 15 5 14 19 6 10 24 27 18 17 2 33 9 22 11 29 31 32 1 20 3 34 25 21 13 7 4 
1 0 1 0 0 0 0 0 0 0 1 1 1 1 1 1 1 0 1 0 1 0 0 1 1 0 1 1 0 0 1 0 0 1 
31 27 22 23 28 14 17 18 4 21 7 24 3 9 20 16 26 11 1 0 2 6 25 13 29 30 5 10 15 8 33 34 12 32 19 
0 0 1 0 1 1 1 0 0 1 1 1 0 1 1 0 0 0 0 0 1 1 1 0 0 0 0 1 1 1 0 0 0 1 
8 34 7 2 33 14 20 3 26 28 24 32 11 27 5 15 13 18 9 25 30 17 31 1 21 29 23 0 6 4 19 10 16 12 22 
1 1 1 1 0 1 0 1 1 0 0 0 1 0 0 0 1 1 1 0 0 0 0 0 0 1 1 0 0 1 1 0 0 1 
5 32 3 27 28 22 26 0 18 34 31 25 12 2 24 1 19 17 15 29 23 14 30 8 21 6 16 10 7 20 11 13 9 4 33 
1 1 1 1 0 1 0 1 1 0 1 0 1 0 0 1 0 0 1 1 0 0 1 1 0 0 1 1 0 1 1 1 0 0 
13 31 32 33 12 2 26 21 1 23 24 14 29 28 27 19 20 34 11 30 9 10 3 5 17 4 16 22 8 0 15 7 6 25 18 
1 1 0 1 0 1 0 1 1 0 0 0 1 0 1 0 0 1 1 0 0 0 0 1 0 0 0 0 0 1 1 0 1 0 
21 1 3 5 26 18 19 15 33 27 20 17 30 14 9 34 23 4 16 12 6 31 25 32 0 22 11 8 29 10 2 13 24 28 7 
1 0 0 0 0 0 1 1 1 1 1 1 1 1 0 1 1 1 1 1 0 1 1 1 1 0 0 0 1 1 0 0 0 0 
4 2 19 27 12 25 30 24 5 16 6 8 21 18 13 1 0 29 23 10 9 22 11 31 34 17 28 26 15 20 7 33 32 14 3 
1 1 0 0 1 1 1 0 1 1 0 1 0 0 0 1 1 1 0 1 1 1 1 1 1 1 1 0 1 1 1 1 1 0 
0 18 10 4 22 16 5 15 6 20 11 25 13 12 28 17 2 29 30 34 26 19 27 33 14 31 23 32 21 8 7 24 9 3 1 
1 0 0 1 0 1 0 1 1 0 1 1 0 1 1 1 0 1 1 0 1 1 1 1 1 0 1 1 1 1 0 1 1 0 
1 33 3 12 22 7 16 24 30 9 19 0 6 5 20 4 29 14 26 18 17 25 32 27 13 23 21 34 11 28 31 10 2 8 15 
1 0 1 1 0 1 1 1 0 0 0 1 1 0 0 0 1 0 0 1 0 0 1 0 1 0 0 1 0 1 1 0 0 0 
26 19 11 5 13 8 3 22 31 18 29 10 21 1 20 27 16 28 6 23 2 30 14 25 12 34 9 32 15 33 4 7 24 0 17 
0 1 0 0 0 0 0 0 0 1 0 0 0 1 1 1 0 0 1 1 0 1 1 0 1 0 0 1 0 1 1 1 0 1 
16 14 24 5 8 19 26 34 1 2 3 30 9 25 27 28 15 17 6 10 11 29 18 33 20 13 4 21 7 0 12 22 23 31 32 
1 0 0 1 0 1 0 1 0 0 1 1 0 0 0 0 0 0 0 1 0 1 0 0 1 1 0 1 0 0 1 1 0 1 
28 14 34 11 22 3 20 1 0 9 30 24 15 33 17 16 27 7 13 10 26 19 25 32 6 12 8 21 4 23 18 5 31 2 29 
0 1 0 0 0 1 0 1 0 0 0 0 0 0 1 1 0 0 0 0 0 0 1 1 0 0 1 0 0 0 0 0 1 0 
8 11 15 34 22 2 20 12 29 0 28 3 24 33 7 19 9 31 17 6 14 4 1 23 13 21 18 10 27 32 26 5 25 30 16 
0 0 1 0 1 0 1 0 1 0 1 0 1 1 1 1 0 0 0 1 0 1 1 0 0 0 1 1 1 1 0 1 1 0 
26 2 11 31 23 19 0 25 10 13 8 16 33 1 9 30 32 5 15 21 12 20 14 6 24 17 28 4 18 29 34 7 27 3 22 
0 0 0 0 0 1 1 1 0 0 0 0 1 1 1 1 1 0 1 0 0 0 1 1 0 0 1 1 0 1 0 1 1 0 
10 19 6 11 26 2 15 14 21 23 12 0 22 33 29 28 18 8 3 1 31 27 5 9 17 30 13 24 7 34 20 25 32 4 16 
1 1 0 0 1 1 1 0 1 1 1 1 0 0 1 1 0 0 0 1 1 1 1 1 1 0 1 0 1 0 1 1 1 1 
23 0 25 17 9 32 7 13 6 33 8 24 2 4 29 5 30 10 19 26 14 28 22 16 15 3 21 27 1 12 34 11 20 31 18 
1 1 1 1 0 0 1 1 0 0 1 0 1 1 1 0 0 1 1 1 1 0 1 1 1 1 0 0 0 0 1 0 1 1 
19 23 13 0 3 8 2 1 11 9 27 21 4 12 28 22 30 31 25 15 29 17 7 26 32 16 20 10 33 34 24 6 5 18 14 
0 1 1 1 1 0 1 1 0 1 1 0 0 1 1 1 1 1 0 1 0 1 1 0 0 0 0 0 1 0 0 0 1 0 
10 1 22 8 0 25 6 34 21 33 26 13 11 4 30 3 19 2 28 29 17 20 9 12 7 18 15 27 31 24 23 14 32 16 5 
1 0 1 1 1 0 1 0 1 0 0 0 0 0 1 1 1 0 0 0 1 0 1 1 0 0 1 1 0 0 0 0 0 1 
4 20 26 33 2 10 21 18 19 30 24 1 13 0 7 22 34 12 3 27 29 9 23 25 11 28 31 16 6 17 32 8 15 14 5 
1 0 1 1 0 0 0 1 1 1 0 0 1 1 0 1 1 0 0 1 1 1 1 0 1 0 1 1 0 1 1 0 0 0 
15 28 22 29 18 11 12 5 4 9 19 31 33 3 26 16 27 7 8 25 10 21 30 2 17 0 32 20 13 23 14 24 6 34 1 
0 1 1 1 1 0 1 1 1 1 1 0 1 1 0 0 1 1 0 1 1 0 0 0 1 0 0 1 1 0 0 1 0 1 
18 5 16 31 20 27 3 4 0 1 7 6 15 28 10 8 33 11 22 2 14 30 9 25 24 13 29 23 32 26 19 12 34 17 21 
0 0 1 0 1 1 1 1 0 0 0 0 0 0 0 0 1 1 0 0 1 1 1 0 0 1 1 0 0 0 1 1 0 0 
19 3 8 29 23 13 28 34 33 32 1 4 10 27 11 14 16 21 9 15 18 2 17 22 12 20 0 31 5 26 25 6 7 30 24 
1 0 0 1 1 1 0 1 0 0 0 1 0 0 0 1 1 0 0 1 0 0 0 0 0 0 1 1 0 0 0 0 0 1 
28 18 9 21 20 26 0 6 31 30 3 29 24 19 22 7 17 12 5 14 16 32 25 34 27 13 15 10 1 8 4 23 11 33 2 
1 1 0 0 1 0 0 1 0 0 1 1 0 1 0 0 0 1 1 1 0 0 0 1 0 0 0 1 1 1 0 0 0 0 
1 22 12 17 23 13 25 11 29 24 9 3 14 32 6 7 26 10 27 34 0 8 15 19 4 30 5 18 33 20 28 31 21 2 16 
0 1 0 1 1 1 0 1 0 0 1 0 0 1 0 1 1 0 1 1 0 1 1 1 0 1 1 1 1 0 1 0 1 0 
1 4 16 27 26 23 18 32 12 6 8 19 2 7 22 15 34 33 25 0 3 21 31 10 29 14 5 24 13 11 20 30 17 28 9 
1 0 0 0 1 1 1 1 1 1 0 0 0 0 0 0 0 1 1 1 0 0 1 0 1 0 0 1 1 1 0 1 0 1 
7 19 6 13 16 26 34 24 9 12 32 31 21 27 25 17 33 22 14 0 20 1 4 23 15 2 18 29 10 11 5 28 3 30 8 
0 0 0 0 1 0 1 0 1 1 0 1 0 1 1 1 1 0 1 0 0 0 1 1 1 1 0 0 1 0 1 0 1 0 
17 30 8 25 5 10 20 18 15 23 19 31 7 14 16 0 34 27 4 11 33 28 2 3 13 22 9 24 12 29 26 1 21 32 6 
1 1 0 0 1 0 0 1 0 0 1 1 1 1 1 0 1 0 1 0 0 1 0 0 1 0 1 0 1 1 0 0 0 1 
12 23 17 22 26 0 1 30 25 28 11 6 13 9 16 3 8 4 21 33 27 20 29 14 32 10 19 7 18 2 31 34 5 15 24 
0 0 1 1 0 1 0 0 0 1 1 0 0 1 0 0 0 0 0 1 0 1 1 1 0 0 1 0 0 1 1 1 1 1 
8 18 17 26 22 16 33 19 32 28 13 9 27 7 20 14 6 10 5 21 3 25 29 0 15 2 24 23 12 4 1 11 31 34 30 
1 1 0 0 0 1 1 0 0 0 0 1 0 0 0 0 1 0 0 0 1 1 0 0 1 0 1 1 0 0 1 1 0 1 
19 2 31 9 6 8 34 18 23 12 33 26 22 20 29 25 28 0 24 4 13 17 14 16 30 11 10 3 27 15 5 21 32 1 7 
0 0 0 0 1 1 1 1 1 0 0 1 0 0 0 1 0 0 0 1 0 1 1 1 1 1 1 0 1 1 1 1 0 1 
30 22 2 20 33 26 18 16 12 8 19 32 25 17 23 31 0 24 15 29 34 9 13 11 4 1 6 3 5 21 10 14 27 7 28 
1 0 0 1 1 1 1 0 0 1 0 1 1 1 0 0 0 0 0 1 0 1 0 1 0 1 0 1 0 0 0 1 0 0 
18 23 2 22 33 10 28 1 14 27 19 26 21 4 24 20 8 29 34 12 31 5 6 17 32 0 25 3 13 16 7 9 11 30 15 
1 1 1 0 1 1 1 0 1 0 0 0 1 0 1 0 0 0 0 0 1 0 1 0 1 0 1 0 0 1 0 0 1 1 
18 28 25 6 17 29 16 1 22 26 30 14 4 9 0 27 11 3 21 23 2 32 13 15 24 10 33 7 20 31 34 12 5 8 19 
0 0 1 0 1 0 0 0 0 0 1 0 0 0 1 0 0 1 1 1 1 0 0 1 1 0 1 0 1 1 0 0 0 1 
33 12 14 22 13 9 0 25 27 6 30 7 34 24 15 31 18 11 17 20 10 21 32 1 3 4 23 16 2 8 19 29 28 5 26 
0 1 1 1 0 1 0 1 1 0 0 0 0 1 0 0 1 1 0 0 0 1 0 1 1 1 0 0 0 1 0 1 0 0 
14 30 9 25 19 24 17 23 12 0 31 27 11 22 4 32 3 10 2 13 1 7 15 18 21 16 33 26 5 6 29 28 34 20 8 
0 1 1 0 1 0 0 0 0 1 1 1 1 0 1 0 0 0 1 1 0 0 1 0 1 1 1 1 1 1 0 0 1 0 
34 8 19 24 10 27 28 30 1 15 11 18 6 32 7 3 31 23 25 13 20 26 2 33 4 9 0 29 14 17 5 22 12 16 21 
1 1 1 1 1 0 0 1 1 1 1 0 1 0 0 0 0 0 0 1 0 0 0 1 0 0 0 0 0 1 1 1 1 1 
33 19 34 2 5 28 14 24 18 4 17 11 7 31 12 29 0 25 10 6 22 23 32 30 16 21 9 20 26 1 13 27 15 8 3 
0 0 1 0 0 1 1 1 1 1 0 0 0 1 1 0 1 1 0 1 0 0 1 1 0 1 1 0 1 0 1 0 1 1 
5 2 0 25 4 3 20 31 7 23 6 13 27 28 9 11 30 14 22 19 17 26 34 32 24 15 1 12 29 16 18 8 10 21 33 
1 1 0 0 0 0 1 1 1 0 1 1 0 0 0 1 0 1 1 0 0 1 1 1 1 0 0 0 1 1 0 1 1 1 
12 32 3 22 30 1 9 11 2 25 27 21 17 20 6 4 16 28 8 24 10 26 18 34 5 31 7 14 19 23 33 13 15 0 29 
0 0 1 0 1 0 0 0 1 1 1 1 1 0 1 0 1 0 1 0 0 1 1 1 1 1 0 0 0 1 0 1 0 0 
31 0 19 16 33 25 8 2 22 7 4 32 1 6 26 28 27 23 13 5 20 18 14 9 29 24 3 15 34 17 21 11 30 12 10 
1 0 1 0 1 0 1 1 1 0 0 1 1 0 1 0 1 1 1 0 1 0 1 1 1 1 0 1 1 1 0 0 0 0 
8 18 7 20 6 32 3 4 1 31 27 5 24 13 11 25 26 34 21 29 2 15 28 23 0 10 30 33 14 16 9 19 17 22 12 
1 1 1 1 0 1 0 0 1 0 1 1 0 1 0 0 1 1 1 1 0 0 1 1 1 0 1 0 0 0 1 0 0 0 
0 7 6 32 15 24 34 1 30 25 31 21 29 14 33 16 18 11 23 10 28 26 3 13 2 4 9 20 8 27 17 19 12 22 5 
1 1 0 0 1 1 0 0 0 1 0 1 0 1 1 1 1 1 1 0 0 1 0 1 1 0 0 0 0 1 1 1 0 1 
8 12 14 23 33 1 24 27 3 9 29 5 16 15 32 4 13 28 25 18 0 21 22 26 20 10 6 19 11 30 7 31 2 17 34 
0 0 0 1 1 0 1 0 0 0 1 0 0 0 0 1 1 1 1 0 0 1 1 0 0 1 0 0 0 0 0 1 0 1 
30 6 28 13 34 3 20 10 0 14 22 11 4 32 26 17 9 33 5 24 18 31 16 2 29 7 8 1 12 21 23 27 15 25 19 
0 0 0 1 1 0 1 1 0 1 1 1 1 1 1 0 0 0 0 1 1 1 1 0 0 1 1 0 0 1 1 1 1 0 
30 34 24 11 0 21 28 7 17 31 13 3 18 5 8 27 19 33 20 25 15 9 32 22 4 10 6 16 12 1 14 2 29 26 23 
0 0 1 0 1 1 0 1 1 0 1 0 1 1 1 1 1 1 0 0 0 1 1 0 1 1 0 0 0 1 1 0 0 1 
8 23 28 30 20 24 5 21 1 12 18 22 32 3 2 7 0 26 4 25 16 17 27 33 14 11 19 6 13 34 15 10 31 29 9 
1 1 0 0 1 1 1 1 0 0 1 0 1 0 0 1 0 1 0 1 0 0 1 0 0 0 0 1 0 0 0 1 0 1 
26 13 17 2 21 12 1 9 34 27 19 20 31 25 29 22 23 11 33 3 0 10 7 14 5 32 24 18 4 28 8 6 15 30 16 
0 1 1 1 0 0 0 1 0 0 1 0 1 1 0 0 1 0 0 0 1 0 1 0 1 1 1 1 0 0 0 1 1 0 
27 3 23 21 25 28 18 12 20 11 5 29 13 10 22 6 33 24 4 31 1 15 26 8 9 30 34 17 19 14 32 0 7 16 2 
0 1 0 1 1 1 0 1 1 0 1 0 1 1 1 0 1 1 1 0 0 0 1 1 1 0 0 0 0 0 0 1 0 0 
23 27 20 5 0 12 14 6 26 17 15 16 33 4 11 18 34 30 2 24 21 8 28 7 9 19 32 13 25 1 22 10 3 31 29 
1 1 0 0 1 1 0 0 0 0 0 1 1 0 1 0 0 0 1 1 1 0 0 0 1 1 0 0 0 0 0 0 1 0 
32 12 20 33 1 13 11 4 17 9 18 28 5 21 7 29 16 10 31 27 15 30 24 6 23 2 3 22 0 8 14 26 25 19 34 
1 0 0 1 1 1 1 1 0 0 0 1 0 0 1 1 1 1 0 1 1 1 0 0 1 0 1 0 0 1 0 1 1 1 
14 9 20 22 10 11 28 13 30 32 18 31 5 12 27 15 23 0 4 21 3 1 8 19 29 24 2 16 26 17 33 25 34 6 7 
0 0 0 1 1 0 0 0 0 1 0 1 1 1 1 0 0 0 0 1 1 0 0 0 0 1 1 1 1 0 1 1 1 1 
14 27 17 4 34 21 32 16 6 23 9 8 0 15 19 3 22 10 2 11 20 26 12 30 25 28 24 31 18 13 7 5 33 29 1 
0 0 1 1 1 1 1 0 1 1 1 1 0 0 1 1 1 0 1 1 0 0 0 1 0 1 0 0 1 1 0 1 1 0 
11 32 27 13 24 9 18 17 15 21 1 10 3 14 19 23 25 31 28 4 16 5 29 0 12 34 26 6 20 8 22 33 2 30 7 
1 1 0 1 1 1 1 1 1 0 1 0 0 0 1 0 1 0 1 0 0 0 0 0 1 0 1 0 1 0 1 1 1 0 
18 13 32 12 9 1 14 23 11 28 25 33 6 27 2 3 10 15 26 16 5 34 21 4 24 29 7 8 22 19 30 0 31 17 20 
0 1 0 0 0 1 1 0 0 1 1 0 1 0 0 0 0 1 0 0 0 1 0 0 0 0 1 0 0 0 0 0 0 1 
30 27 15 24 5 33 34 25 6 10 12 28 17 32 29 22 3 21 8 14 13 19 11 1 20 0 23 16 26 9 2 7 31 4 18 
0 0 1 1 1 0 0 0 1 0 1 0 0 1 1 1 0 1 1 0 0 1 1 0 1 1 0 1 0 1 0 0 1 0 
28 32 7 30 6 21 27 29 8 33 12 1 19 23 11 26 13 14 5 9 22 34 0 15 10 3 25 24 17 4 16 2 31 18 20 
1 1 0 1 1 1 0 0 0 0 1 1 1 1 0 1 1 0 0 1 0 0 1 0 1 1 1 0 1 0 0 1 1 1 
7 9 19 5 26 16 22 2 14 17 25 24 32 33 13 4 18 8 10 12 34 29 27 30 23 20 11 21 28 31 1 6 0 3 15 
1 1 0 0 1 0 0 1 0 0 1 1 1 0 0 0 1 0 1 1 1 0 1 0 1 0 0 1 0 0 0 0 0 0 
24 10 16 3 5 15 0 17 21 30 25 4 18 2 27 19 34 22 11 20 8 1 23 9 26 32 29 6 14 28 31 7 13 12 33 
0 1 0 0 1 1 0 1 0 0 0 0 1 0 1 0 1 1 1 1 0 1 1 1 1 0 0 0 1 1 1 1 0 0 
2 4 18 28 17 11 6 14 31 24 19 0 9 27 5 25 23 8 7 29 22 16 13 20 32 15 3 34 30 1 12 26 10 21 33 
1 1 1 1 0 0 1 1 1 0 0 1 0 1 0 0 0 0 1 0 0 0 1 0 1 1 0 0 0 0 0 1 1 0 
18 1 12 19 6 22 24 8 29 9 27 15 34 0 32 20 25 5 14 4 23 30 7 16 3 2 31 28 10 13 11 21 33 17 26 
0 0 0 1 1 1 1 0 1 1 0 0 1 0 1 1 0 1 1 0 0 1 0 0 1 1 1 1 1 1 1 1 0 1 
1 22 23 3 14 30 7 4 15 12 33 18 27 6 28 0 26 20 10 2 34 9 17 13 16 24 19 32 11 5 21 29 25 8 31 
1 1 0 1 0 1 1 0 1 0 1 1 1 0 1 1 1 1 0 0 1 0 0 0 1 1 0 1 0 1 1 0 0 1 
30 1 28 22 2 10 33 25 14 27 19 23 24 16 0 31 3 11 4 34 15 6 32 12 17 26 13 29 9 20 7 21 8 18 5 
1 0 1 1 0 0 1 0 0 0 1 0 1 0 1 1 1 1 1 0 1 1 1 1 1 1 0 0 1 1 1 0 1 1 
19 17 27 34 6 7 20 2 13 24 21 22 23 16 12 18 3 26 31 25 5 1 32 15 0 4 10 33 11 9 30 8 28 29 14 
1 1 0 1 1 0 0 0 1 0 0 1 1 0 1 1 0 0 0 1 1 0 1 0 0 1 0 1 0 1 0 0 0 1 
29 23 6 0 30 3 17 34 15 13 19 20 26 4 12 9 24 2 8 33 16 28 25 7 1 11 27 32 31 10 5 18 14 22 21 
0 0 1 0 0 0 0 0 1 1 1 1 1 1 0 0 1 1 0 1 1 0 1 0 0 0 1 0 1 1 1 0 0 0 
0 9 17 3 1 19 20 32 31 8 16 23 22 27 28 15 26 18 2 11 34 7 25 12 24 29 21 5 4 13 14 6 33 10 30 
1 0 0 0 0 0 1 0 1 0 1 0 1 1 0 0 1 1 1 0 0 1 1 1 0 1 0 0 1 0 1 1 1 0 
2 5 26 19 27 11 20 31 29 13 15 30 14 21 28 7 12 4 0 18 23 24 33 1 32 34 3 25 8 6 9 17 22 10 16 
0 1 1 1 1 0 1 1 1 0 1 1 1 0 1 1 1 1 0 0 1 0 0 1 0 0 1 0 0 0 0 0 1 0 
5 11 23 4 15 9 14 6 17 32 7 25 8 30 19 12 26 22 2 31 1 18 34 21 16 24 20 27 10 29 13 33 0 3 28 
1 0 1 1 1 1 1 1 0 0 1 0 0 0 1 0 1 0 1 1 0 1 0 0 0 0 0 0 1 1 1 0 0 0 
23 26 18 12 14 6 33 27 30 20 31 28 34 22 2 21 19 5 3 1 32 10 15 29 24 9 13 25 4 17 11 7 8 16 0 
1 1 1 1 0 0 0 0 1 0 0 1 1 1 1 0 0 1 1 1 1 1 1 1 0 1 1 1 0 0 0 0 1 0 
5 4 18 20 29 9 14 16 15 12 32 31 21 8 10 7 28 17 22 23 11 27 26 2 0 33 19 1 25 13 30 24 6 3 34 
1 1 1 0 1 1 0 1 0 1 1 0 0 1 0 1 0 0 0 0 0 0 1 1 0 1 1 0 1 1 1 1 0 1 
29 34 27 12 17 9 23 7 26 8 24 22 3 2 16 10 14 11 25 30 19 20 21 1 32 0 18 13 6 5 31 4 15 33 28 
0 0 0 0 1 1 1 1 0 1 0 1 0 1 0 0 1 0 1 1 1 1 0 1 1 1 1 1 0 0 1 0 0 1 
9 32 7 0 8 29 11 1 24 6 34 27 15 10 12 3 19 33 2 31 17 18 21 13 20 22 16 30 5 26 14 4 28 23 25 
0 1 1 0 1 1 0 1 1 1 1 1 0 0 1 1 0 0 1 1 0 1 0 1 1 0 1 0 0 1 0 1 1 0 
25 15 0 28 3 30 16 27 19 18 23 20 1 4 13 33 21 12 8 2 17 29 9 34 32 6 5 26 24 10 31 14 11 7 22 
0 0 0 0 1 1 1 1 1 0 1 1 1 0 1 0 1 1 1 1 0 0 0 0 1 1 1 0 0 1 0 0 1 0 
15 21 8 9 10 1 12 18 5 3 6 28 4 23 32 22 29 25 27 14 11 0 24 31 19 33 26 13 17 2 16 34 30 20 7 
0 0 0 1 1 1 1 0 0 1 1 1 0 0 1 1 1 1 0 0 1 1 1 0 0 0 0 1 1 0 0 1 1 0 
25 9 3 15 32 22 17 30 29 11 6 0 10 16 2 14 26 27 1 28 19 13 33 5 24 12 4 18 21 8 20 31 34 7 23 
0 1 0 1 1 1 0 0 0 1 0 1 1 0 0 0 1 1 0 1 1 0 1 0 0 0 1 1 1 1 0 1 0 0 
31 32 1 19 27 34 22 3 2 33 25 28 18 23 26 17 7 12 14 9 11 24 13 16 4 30 6 20 5 8 10 29 21 0 15 
0 1 0 0 1 1 1 1 1 1 1 1 1 1 1 1 1 0 1 0 1 0 0 1 1 0 0 1 0 0 1 0 0 1 
7 32 23 13 17 18 9 5 1 27 29 0 11 22 33 15 31 19 30 26 2 8 14 34 25 4 6 21 12 24 16 10 20 28 3 
0 1 1 0 0 0 0 1 0 1 0 0 1 1 1 0 1 0 0 1 0 1 1 1 0 0 1 0 1 0 0 0 0 0 
11 33 5 23 9 6 3 22 26 30 24 31 1 27 20 7 19 34 12 21 17 14 8 25 13 4 32 2 28 16 18 29 15 10 0 
0 0 0 1 1 1 1 1 1 0 0 1 1 0 1 0 0 1 1 0 0 0 0 1 0 0 0 1 1 0 0 1 1 1 
32 9 3 24 27 18 14 33 7 13 5 21 20 23 19 16 0 26 30 29 12 6 34 15 31 25 4 10 11 2 22 8 17 1 28 
1 0 0 1 0 0 1 0 0 0 0 0 1 0 0 1 0 0 1 1 0 1 0 1 0 0 1 0 1 0 0 1 1 1 
10 14 31 13 26 25 0 29 24 19 33 9 28 2 22 20 8 6 18 27 34 30 5 21 23 15 17 16 32 11 3 1 12 4 7 
1 1 0 0 0 1 1 1 1 0 1 0 1 0 1 1 0 1 1 1 1 1 1 0 1 0 1 1 1 0 1 0 0 1 
2 25 26 13 14 28 20 6 17 19 30 24 32 23 1 34 31 0 4 5 15 8 22 33 21 18 12 16 3 29 7 9 10 11 27 
1 1 1 0 1 0 1 0 0 1 0 0 0 1 1 1 0 1 1 0 1 1 0 1 1 0 0 0 0 1 0 1 0 1 
33 8 24 17 27 30 15 16 10 22 34 14 1 13 0 28 6 25 21 2 4 7 31 3 11 12 29 19 9 23 32 26 18 5 20 
0 1 1 0 0 1 0 1 0 1 1 1 1 1 0 1 1 0 1 0 0 1 0 1 0 0 0 1 0 0 1 0 0 1 
22 19 4 7 6 24 29 11 28 26 33 9 18 1 14 8 0 21 12 23 32 20 2 27 30 5 25 17 3 31 15 34 13 10 16 
0 1 1 0 0 0 0 1 0 0 1 0 0 0 1 1 1 0 1 0 1 0 0 1 1 1 1 1 1 0 1 1 1 0 
0 4 3 31 27 11 21 19 22 1 18 16 9 5 13 28 32 26 17 6 34 30 24 14 2 8 10 7 25 12 33 29 23 20 15 
0 1 1 0 0 0 1 1 0 0 1 1 1 0 1 1 0 1 1 0 1 0 1 0 1 1 1 1 0 1 1 0 1 1 
6 1 31 29 8 12 9 27 32 7 22 30 10 24 18 5 28 2 4 26 33 20 14 16 25 21 17 19 3 23 11 34 0 15 13 
0 0 1 1 0 0 1 0 1 1 1 0 0 1 1 1 1 0 0 1 0 0 0 1 1 1 0 0 1 0 0 0 1 1 
10 30 18 33 4 27 22 32 26 11 23 28 31 14 9 16 12 24 20 25 19 34 0 1 15 3 8 21 7 17 29 5 6 2 13 
1 1 1 0 1 0 0 1 1 1 0 1 0 0 0 0 0 1 1 1 1 1 0 0 0 0 1 0 1 1 0 0 1 0 
25 9 10 5 29 14 23 22 8 17 31 12 7 15 20 16 13 28 6 18 1 24 4 30 27 26 32 2 3 11 0 19 21 34 33 
0 0 0 0 1 1 1 0 1 0 1 1 1 0 0 0 0 1 0 0 0 0 0 0 0 1 0 1 0 0 0 0 0 0 
11 29 24 17 12 5 10 31 0 7 26 16 28 30 2 4 3 14 22 27 18 15 33 25 13 21 34 23 19 6 9 8 32 1 20 
0 0 1 1 1 0 0 1 0 1 1 0 1 0 0 0 1 0 1 1 1 0 0 1 0 0 0 0 1 1 0 0 1 0 
8 33 18 31 5 11 29 26 4 23 28 2 17 25 0 34 13 24 15 3 7 21 22 30 19 20 1 27 14 16 32 6 12 10 9 
0 1 0 0 1 1 1 1 1 1 1 1 0 0 0 1 1 1 1 0 1 0 1 0 1 0 0 1 0 0 1 1 1 0 
12 24 28 19 21 7 14 2 30 18 15 11 33 4 31 25 1 17 10 16 6 23 32 27 29 5 0 3 13 9 22 8 34 26 20 
0 1 0 1 0 0 0 0 1 1 0 1 0 1 0 1 0 0 0 0 0 0 1 0 0 0 1 0 1 0 0 1 1 1 
14 25 6 21 34 4 3 1 33 2 18 32 0 5 31 10 23 30 17 9 12 7 22 16 26 24 20 13 29 15 8 19 27 28 11 
0 0 1 1 1 0 0 1 0 1 1 0 1 1 0 1 1 1 1 0 1 0 0 0 1 1 0 0 1 1 0 0 1 1 
34 24 25 0 14 22 30 31 32 23 26 8 18 19 7 28 17 16 12 11 4 9 29 6 5 33 15 13 20 2 27 1 3 10 21 
1 0 1 0 1 0 1 0 1 1 0 1 1 1 1 0 0 1 1 0 1 1 1 1 0 0 0 1 0 1 1 0 0 0 
32 16 4 22 17 14 6 33 34 9 0 1 25 30 15 3 10 12 7 26 28 13 23 31 11 5 8 18 27 29 19 24 21 20 2 
0 0 1 1 0 1 1 0 1 1 1 0 1 1 1 0 1 1 1 1 1 1 0 0 0 0 1 1 1 0 0 1 1 0 
31 3 27 32 9 8 33 16 18 10 23 12 21 11 20 7 1 5 29 6 4 17 13 34 30 25 22 24 2 26 19 28 0 15 14 
0 1 0 1 0 0 1 1 0 1 0 0 0 1 1 0 0 0 1 0 1 0 1 0 1 1 0 1 0 0 1 1 1 1 
29 18 32 33 7 30 1 34 24 11 10 16 0 19 23 15 28 5 6 8 27 22 20 25 3 12 13 2 14 4 17 31 26 21 9 
1 1 0 0 0 1 0 0 0 0 0 1 1 0 0 1 1 1 1 1 0 0 0 1 0 0 0 0 1 0 0 0 0 0 
20 18 19 13 7 30 1 11 9 8 26 24 31 23 25 34 27 14 0 15 32 12 5 28 2 22 17 21 33 16 10 29 4 3 6 
1 0 1 1 0 1 1 0 0 1 1 0 1 0 1 1 0 1 0 1 1 0 1 1 1 1 1 0 1 0 1 1 0 1 
13 8 17 20 19 26 15 9 12 28 1 25 5 6 33 3 14 4 29 32 30 21 27 7 16 22 34 0 10 11 2 23 31 24 18 
0 0 1 1 1 1 1 1 1 1 0 0 0 1 0 0 1 1 0 1 1 1 0 1 1 1 0 0 0 0 0 1 0 0 
16 23 29 25 32 0 9 17 22 13 26 5 4 20 31 3 33 19 34 14 24 7 1 15 2 10 27 30 28 21 6 11 12 8 18 
0 0 1 0 1 0 0 0 0 0 0 1 0 1 1 0 0 0 0 1 0 1 1 0 0 1 0 1 1 0 1 1 1 1 
26 22 32 15 14 5 19 13 16 25 33 30 6 12 1 11 9 31 21 20 3 17 24 28 10 0 8 27 29 2 7 34 18 23 4 
0 1 1 1 0 0 1 0 0 1 1 0 1 0 1 1 0 1 1 0 0 1 0 0 1 1 0 1 1 1 1 1 0 0 
3 34 16 33 14 7 17 32 26 22 12 30 1 9 2 20 4 27 11 28 5 29 31 8 0 25 10 23 13 18 6 19 24 21 15 
0 0 0 1 1 0 1 1 0 0 1 0 0 1 0 0 0 0 0 1 0 1 1 1 0 1 1 1 1 1 0 0 1 0 
12 14 17 7 24 29 4 2 28 10 9 20 34 15 0 5 3 26 32 30 8 33 25 1 6 27 22 11 23 16 19 31 18 13 21 
0 1 1 0 0 1 1 1 0 1 1 1 1 1 1 0 0 1 1 1 1 1 0 0 0 1 0 0 0 1 0 0 0 1 
22 3 29 11 9 6 8 23 2 21 15 1 32 4 34 30 31 14 26 24 25 12 19 18 5 27 20 16 10 0 17 7 13 33 28 
0 0 1 1 0 0 0 1 0 1 1 0 0 0 1 0 1 1 0 1 1 0 0 1 0 0 1 0 0 0 0 1 1 0 
24 17 0 8 6 1 13 10 22 27 15 16 23 30 12 3 7 34 4 2 18 29 33 32 5 25 21 31 14 19 9 26 28 11 20 
1 0 0 0 1 0 0 1 1 1 1 0 0 0 1 0 0 1 1 0 1 0 1 1 0 1 0 1 0 0 0 1 1 1 
9 31 4 16 10 13 3 26 25 30 15 24 27 14 0 23 18 34 6 2 29 7 32 21 1 33 8 28 11 19 17 22 20 12 5 
0 0 0 0 1 0 1 1 0 0 0 0 0 1 0 0 1 1 1 0 0 1 0 0 0 1 0 0 1 0 1 1 1 0 
26 19 8 24 9 34 31 33 4 6 22 25 30 23 27 28 21 10 32 18 1 3 2 13 20 15 14 16 5 7 17 29 12 0 11 
0 0 0 0 0 0 0 0 0 1 0 1 1 1 1 1 0 0 1 1 1 0 1 1 0 1 0 1 0 1 1 0 0 0 
1 6 26 9 11 10 32 14 31 8 16 21 12 33 15 19 17 34 29 30 23 22 25 2 5 18 24 20 3 4 28 13 27 7 0 
1 0 1 0 0 1 1 0 1 0 1 0 1 1 1 0 1 1 0 0 1 0 1 1 0 0 1 1 1 1 1 1 1 0 
8 32 34 17 0 25 12 14 33 24 7 21 4 27 22 15 29 19 31 2 5 28 3 18 30 26 10 6 16 11 9 23 13 20 1 
1 1 0 0 0 1 1 1 0 0 1 1 0 1 1 0 0 1 1 1 0 0 1 1 1 0 1 0 0 1 1 1 1 0 
28 10 25 29 24 9 8 21 14 12 17 4 32 31 19 27 15 13 16 7 34 30 5 18 20 26 3 23 0 22 2 11 33 6 1 
1 0 0 1 1 0 0 1 0 0 1 1 0 0 0 1 1 0 0 1 1 1 1 1 1 1 0 1 0 1 1 0 0 0 
9 33 32 28 15 34 5 24 18 27 11 13 4 31 2 25 23 3 12 26 17 22 30 20 19 16 29 0 14 21 8 6 7 1 10 
0 0 1 0 1 0 1 0 0 1 0 1 1 0 1 0 0 1 1 1 1 0 1 1 1 1 1 0 1 0 1 1 0 1 
30 17 2 0 21 14 18 1 10 29 11 31 16 28 27 6 25 7 5 22 26 32 8 33 13 9 34 12 4 24 3 19 20 23 15 
1 0 1 0 1 1 0 1 1 1 0 0 1 1 0 1 1 1 0 1 1 1 1 0 1 1 1 0 1 0 0 0 0 0 
21 17 33 32 20 26 8 10 29 25 31 6 18 27 1 2 14 22 0 9 19 30 3 24 4 28 13 11 12 23 16 5 7 15 34 
0 0 0 1 1 0 1 0 1 1 1 0 1 0 0 1 1 0 0 0 0 1 1 0 1 0 1 0 1 1 0 0 0 1 
17 16 11 24 33 29 5 21 22 23 15 3 6 13 2 4 0 28 19 9 10 1 32 30 8 26 12 20 18 25 34 14 7 27 31 
0 0 1 1 0 1 1 0 1 0 0 1 1 1 0 0 1 1 1 1 0 1 1 1 0 0 1 1 1 0 0 0 1 1 
32 22 23 34 24 2 9 16 15 0 21 30 17 3 27 11 29 25 14 8 33 19 4 20 28 6 18 5 31 7 1 10 26 13 12 
1 1 1 1 1 1 1 1 0 0 1 1 1 1 1 1 0 0 1 0 1 1 1 0 0 0 1 1 1 1 1 1 0 0 
23 2 33 9 0 21 3 10 6 18 24 5 1 11 12 29 17 34 28 15 4 27 7 13 8 22 25 19 16 31 30 20 32 26 14 
1 0 0 1 0 0 0 0 1 1 0 1 0 0 0 0 1 1 1 0 1 1 0 0 0 0 1 1 1 0 1 1 0 0 
18 6 8 3 9 33 23 34 26 20 13 0 17 31 28 30 32 7 15 1 29 16 21 12 27 14 2 4 25 22 10 19 24 11 5 
0 1 0 0 1 1 0 1 0 1 1 1 1 0 0 1 0 1 0 0 1 1 0 0 1 1 0 1 1 1 1 1 1 1 
19 17 32 15 13 9 2 6 25 21 29 34 8 14 24 4 31 27 12 7 3 22 5 18 20 23 33 28 16 0 11 26 1 10 30 
0 1 1 1 0 0 1 1 1 1 1 1 0 1 0 0 0 1 1 0 0 1 0 1 0 1 0 1 0 1 1 1 0 1 
31 24 4 1 32 23 6 0 3 19 10 27 12 33 21 29 18 16 7 11 13 17 14 8 15 2 34 22 5 25 9 30 26 20 28 
0 0 0 1 1 0 1 0 1 1 1 0 1 1 0 1 1 1 1 0 0 0 0 1 0 0 0 0 1 0 1 1 1 0 
34 12 33 7 32 21 6 5 24 8 14 23 27 0 15 26 4 9 30 25 2 13 20 10 28 18 31 16 1 17 22 3 29 11 19 
0 0 0 1 1 1 1 1 1 1 0 0 0 1 1 0 0 1 1 1 1 0 0 0 1 0 0 0 0 0 1 1 0 1 
30 32 28 12 33 25 31 8 34 23 13 5 16 20 9 21 18 6 2 14 22 26 11 24 1 15 0 4 3 29 7 27 17 10 19 
0 0 1 1 0 0 0 0 1 0 1 1 0 1 0 1 0 0 1 1 0 0 0 0 0 1 0 0 0 0 0 0 1 0 
31 20 27 12 16 23 8 30 22 2 17 10 14 6 4 24 13 0 26 11 15 3 21 9 18 29 19 5 34 1 7 28 32 33 25 
1 0 0 1 0 0 0 1 0 0 0 1 0 0 1 1 0 0 1 1 0 1 0 1 0 0 0 1 1 0 0 0 1 1 
17 28 19 15 21 8 10 7 20 11 23 0 32 34 2 1 12 13 9 18 24 16 26 30 25 31 33 6 4 5 27 14 3 22 29 
0 1 1 0 0 1 1 1 1 1 1 0 1 0 0 0 0 1 0 1 1 1 1 1 0 0 0 0 1 0 0 0 1 1 
0 20 15 2 22 30 19 6 25 13 8 5 17 23 1 11 16 12 21 3 34 27 24 4 29 33 31 18 10 26 9 28 14 7 32 
0 0 0 1 0 1 0 1 1 0 1 0 1 1 1 0 1 1 1 1 0 1 0 1 0 0 0 0 0 1 1 1 1 0 
5 25 17 32 8 3 9 18 13 1 12 31 33 4 14 10 11 24 7 26 28 29 30 34 22 20 0 23 27 19 21 2 16 6 15 
0 1 0 0 1 1 0 0 1 1 0 1 0 1 1 0 1 1 0 0 0 0 0 0 1 1 1 0 1 0 1 1 0 0 
17 22 11 30 14 4 7 26 13 25 28 9 3 32 23 24 18 31 15 29 10 21 34 5 12 8 33 6 20 0 19 1 27 2 16 
0 0 0 0 0 0 1 0 0 0 1 0 1 0 0 0 1 0 1 1 0 1 1 0 1 1 1 1 1 0 0 1 0 0 
31 33 27 10 34 4 0 15 1 28 21 3 14 12 7 29 23 17 9 32 6 8 19 13 30 26 24 16 18 22 2 11 20 25 5 
1 0 1 0 1 0 1 1 0 0 0 1 0 0 1 0 1 0 0 1 1 0 1 0 0 1 1 0 1 0 0 0 0 1 
4 31 28 13 8 23 12 21 6 14 32 15 29 16 9 34 26 25 33 22 7 19 1 20 24 0 30 18 2 11 5 27 3 10 17 
1 1 0 1 0 0 0 0 1 0 0 0 1 1 1 1 0 0 0 0 0 1 0 0 1 0 0 1 1 0 0 0 1 1 
19 23 12 34 32 1 27 3 5 13 25 22 15 33 17 8 6 2 7 9 10 24 11 21 18 0 14 29 4 30 31 28 26 16 20 
0 0 1 1 0 0 1 1 1 1 1 1 0 0 0 1 1 1 0 0 0 1 0 1 0 0 1 0 1 1 1 1 1 0 
22 28 20 1 5 14 12 34 3 9 16 19 15 8 24 26 10 25 11 13 21 33 32 30 0 23 18 29 27 6 31 4 17 7 2 
0 1 1 0 0 1 0 0 0 1 1 0 1 1 0 0 1 1 1 0 1 1 1 0 1 0 1 0 0 1 1 0 0 1 
34 6 8 12 9 1 30 4 2 25 27 5 23 3 11 17 7 19 26 29 32 33 15 24 28 21 31 0 13 14 20 10 18 22 16 
1 1 1 0 0 1 1 0 1 1 0 0 0 0 1 1 1 0 0 1 0 1 1 0 0 0 1 0 0 1 0 1 0 0 
27 7 23 4 0 3 20 10 8 13 26 32 2 22 19 1 29 18 31 30 5 24 28 6 14 33 15 21 25 17 12 34 16 9 11 
1 0 1 1 1 0 1 0 1 1 1 1 1 1 1 1 0 0 0 1 0 0 1 0 0 1 0 1 1 1 1 1 1 0 
13 14 17 0 10 18 5 23 8 22 29 3 30 26 24 28 6 1 2 7 19 15 25 32 31 33 34 9 16 27 20 11 21 4 12 
0 0 1 0 1 0 1 0 0 0 0 1 0 0 1 1 0 1 1 0 0 1 0 0 1 1 1 0 1 1 0 1 1 0 
9 0 24 12 28 6 8 4 29 13 26 1 22 7 27 19 31 10 25 21 15 32 23 17 16 20 14 30 2 33 18 34 5 3 11 
0 0 0 0 1 0 0 0 1 0 1 1 0 1 0 0 1 0 1 0 0 1 0 1 1 0 0 1 1 1 1 1 1 0 
15 4 2 31 24 10 0 26 12 23 27 25 16 34 19 9 7 29 11 33 8 30 32 20 14 5 17 6 21 3 22 13 28 18 1 
1 1 1 0 0 0 1 0 1 0 0 1 1 1 1 0 0 0 0 1 1 0 1 1 0 0 0 0 0 0 1 0 0 0 
0 25 5 3 23 7 30 14 32 13 33 2 24 6 4 11 27 16 28 8 15 26 20 12 19 10 22 31 17 18 1 34 29 21 9 
0 1 0 0 1 1 1 1 1 1 1 0 0 0 1 1 0 0 1 1 1 0 0 1 1 0 0 0 1 0 1 0 1 0 
7 33 27 11 30 0 15 2 13 6 17 23 3 26 5 14 25 8 1 9 21 22 29 34 32 24 10 4 31 28 12 20 16 19 18 
0 0 1 1 0 1 0 1 1 1 1 0 0 0 1 0 1 1 0 1 0 0 0 0 0 1 0 0 1 1 1 1 1 1 
2 21 3 10 1 8 27 15 32 13 14 29 23 12 16 17 20 19 30 22 24 4 18 5 26 0 31 7 6 34 28 25 9 11 33 
1 1 0 0 0 1 1 1 0 0 0 0 1 0 1 0 0 0 1 1 0 0 1 0 1 0 1 0 0 1 1 1 0 0 
17 14 20 2 0 32 23 16 10 21 27 3 25 31 24 30 18 34 7 33 28 1 4 26 13 15 19 5 6 12 29 8 11 9 22 
1 0 0 1 0 1 1 1 0 1 1 0 0 1 1 0 0 1 0 0 1 1 0 1 1 1 1 1 1 1 0 1 0 1 
33 23 26 2 32 27 18 1 21 11 31 24 0 16 20 3 19 10 6 5 15 17 29 22 30 25 9 28 14 34 7 4 8 12 13 
1 0 1 1 1 1 1 1 0 1 1 1 1 1 1 0 0 1 1 0 1 1 0 0 1 0 0 1 0 0 1 1 0 0 
25 9 15 24 21 30 2 12 17 22 3 31 27 20 34 33 7 13 4 1 28 8 10 29 18 5 19 23 0 26 14 6 16 32 11 
0 0 1 1 0 1 0 0 0 1 1 0 0 0 0 1 1 1 0 0 1 0 1 0 0 1 1 0 1 0 0 0 1 0 
13 29 34 17 25 1 19 28 18 26 31 20 0 6 10 9 5 4 12 23 32 33 11 22 24 30 21 3 14 7 16 2 15 27 8 
0 1 1 1 1 1 1 1 0 1 1 1 0 0 1 1 0 0 1 1 0 1 1 1 1 1 0 0 0 1 0 1 0 1 
29 7 34 12 9 13 31 15 16 11 22 18 14 26 4 0 17 19 30 8 33 32 5 24 2 23 28 6 25 3 20 27 10 1 21 
0 1 0 0 0 0 1 1 0 0 1 0 1 1 1 0 0 1 0 0 0 0 1 1 0 0 1 1 1 1 1 0 1 1 
15 19 13 16 12 30 27 24 4 29 20 31 25 5 14 26 1 33 3 9 7 2 10 34 8 6 11 18 32 21 17 0 22 23 28 
1 1 1 0 1 0 0 1 1 1 1 0 1 1 0 1 1 0 1 0 1 0 1 1 1 0 0 1 0 0 0 1 1 1 
14 12 6 21 16 25 1 29 30 32 5 13 18 3 17 0 27 19 15 4 10 11 28 22 7 20 2 34 24 26 33 9 23 31 8 
0 1 0 0 0 1 0 0 1 1 1 1 1 1 1 0 1 0 1 0 0 0 1 1 0 1 0 0 0 1 0 1 1 1 
34 2 10 16 27 31 13 6 18 25 28 29 9 3 15 8 12 5 11 7 17 21 4 14 32 0 22 26 1 23 19 24 20 30 33 
0 1 0 0 1 0 0 0 1 1 0 0 0 1 0 1 1 1 0 0 0 1 0 1 1 0 0 1 0 1 1 1 1 1 
31 1 33 21 17 30 32 28 34 26 24 18 2 6 15 10 11 8 7 22 23 13 9 27 5 25 20 29 4 3 19 14 12 0 16 
1 1 1 0 0 1 1 0 1 1 0 0 1 0 0 1 0 1 0 0 1 1 1 1 0 0 1 0 0 1 1 0 0 0 
34 11 6 20 1 13 28 29 18 8 10 17 30 7 31 5 4 14 27 16 21 32 23 25 15 12 3 22 19 26 24 33 0 2 9 
0 0 1 1 1 0 0 0 1 0 0 1 0 0 1 1 0 1 0 1 1 0 0 1 1 1 1 1 1 0 0 1 0 1 
20 11 17 9 29 5 30 14 21 31 1 0 32 4 34 24 22 13 10 15 25 3 12 23 18 8 2 26 27 28 7 33 16 6 19 
1 1 1 1 1 0 1 1 1 0 1 0 1 0 1 1 0 1 1 1 0 1 0 0 1 1 0 0 1 1 1 1 1 1 
17 14 6 25 2 10 7 13 23 22 8 24 31 20 19 27 1 4 34 21 18 11 3 28 26 12 15 16 29 30 33 32 5 0 9 
0 0 1 0 1 0 0 0 0 0 0 0 1 1 0 1 0 0 1 1 1 1 1 1 0 1 0 0 1 1 1 1 0 0 
14 11 27 1 21 26 0 28 13 15 18 12 6 2 5 10 24 31 34 17 20 16 3 33 4 29 8 9 30 32 25 19 7 22 23 
0 0 0 0 0 0 1 1 1 1 1 0 1 0 0 0 1 0 1 0 0 0 0 1 1 0 1 0 0 1 1 0 0 1 
26 27 4 21 5 2 18 34 33 29 15 32 22 10 13 31 8 25 6 14 23 28 12 7 17 20 30 1 16 24 9 3 0 11 19 
1 1 0 1 1 0 1 0 0 0 0 1 1 1 1 0 0 1 0 1 0 1 0 1 0 1 0 1 1 0 1 1 0 1 
27 24 6 11 34 13 3 1 30 18 15 28 21 33 19 22 17 5 10 26 16 12 4 20 29 9 25 8 2 32 31 0 7 23 14 
0 1 1 1 0 0 1 0 0 1 0 0 0 0 0 0 0 1 1 1 0 0 0 1 1 0 1 0 0 1 0 1 1 1 
33 7 15 0 3 30 28 5 26 17 19 23 29 10 24 9 34 21 16 4 12 14 31 25 20 11 6 22 1 27 8 2 32 13 18 
1 1 0 0 1 1 0 0 1 0 0 0 0 1 1 0 0 1 1 0 1 1 0 1 0 0 0 1 0 1 0 0 1 1 
24 25 33 13 10 30 12 17 16 4 31 23 5 15 26 21 0 32 6 14 3 1 8 29 11 27 7 2 18 19 9 34 20 28 22 
1 1 0 0 0 1 1 0 0 0 0 1 0 1 0 0 0 0 1 1 1 1 1 0 1 1 1 0 1 0 0 1 0 1 
2 24 25 10 1 27 8 13 28 34 26 11 3 30 33 9 17 20 12 14 0 19 7 6 21 31 18 15 4 29 5 22 23 16 32 
0 1 1 1 1 0 0 0 0 1 0 0 0 1 0 0 0 0 1 0 1 1 1 1 1 0 0 1 1 1 1 0 0 1 
23 30 9 34 16 33 11 4 8 1 15 20 24 22 21 18 3 6 14 32 13 31 17 0 29 7 19 5 26 10 2 28 25 27 12 
0 1 0 1 1 1 0 1 0 0 1 0 0 1 0 1 0 0 0 1 0 1 1 1 0 0 0 0 1 1 0 1 1 1 
5 4 33 6 20 13 16 17 26 2 34 3 27 14 29 10 24 11 0 25 22 1 8 31 12 28 23 18 19 32 21 30 7 15 9 
0 0 0 1 0 0 0 1 1 0 1 1 1 1 0 0 0 1 0 1 0 1 1 1 1 1 1 1 0 1 1 1 1 0 
18 5 2 31 17 13 26 1 27 19 30 12 32 33 9 23 4 20 14 10 15 11 28 21 8 25 16 6 22 0 29 34 7 3 24 
1 0 1 0 1 1 0 1 1 0 1 1 0 1 0 1 1 1 0 1 0 1 0 0 1 0 1 0 1 0 0 0 0 0 
2 29 9 3 26 7 22 6 30 34 33 4 10 28 0 20 21 16 23 31 12 15 18 32 13 24 1 27 25 11 14 8 17 5 19 
0 1 1 0 1 0 1 0 0 0 1 0 0 0 0 1 1 0 0 0 0 1 0 0 0 0 0 1 1 1 0 0 1 0 
31 30 13 12 19 32 9 10 29 28 7 17 26 11 20 6 16 14 27 15 22 2 8 34 23 24 1 3 25 5 21 0 4 18 33 
0 1 1 1 0 0 1 0 1 1 1 0 0 1 0 1 1 1 0 1 0 1 1 1 0 0 1 1 1 1 1 1 0 0 
25 28 15 5 26 34 11 4 12 14 29 2 27 20 31 24 7 30 17 1 8 18 32 0 19 33 6 9 13 3 23 16 22 10 21 
1 1 1 0 0 1 1 1 1 1 1 1 1 0 0 0 0 1 1 1 0 1 1 1 1 0 1 1 1 1 0 1 1 0 
32 6 2 8 28 4 13 10 22 14 17 7 5 12 31 21 23 1 9 18 3 15 29 24 27 25 34 0 19 11 16 26 30 33 20 
1 0 1 0 1 0 1 0 0 1 1 1 0 1 1 1 1 0 0 0 0 1 0 1 0 1 1 0 1 0 0 1 0 0 
31 21 26 28 14 17 29 12 23 9 30 18 19 27 8 24 16 32 15 13 0 7 25 11 34 22 5 2 4 33 20 3 10 1 6 
0 1 0 0 1 0 1 0 0 1 1 0 0 1 1 1 1 0 0 1 0 1 0 1 1 0 1 0 1 1 0 0 1 1 
17 25 32 15 4 16 9 0 19 30 22 23 14 12 31 28 13 5 2 27 7 18 11 34 26 21 8 3 33 10 20 6 24 29 1 
0 1 1 1 1 0 0 1 1 1 0 0 0 1 1 1 0 0 0 0 1 1 0 1 0 1 0 0 1 1 1 0 0 1 
13 17 34 19 12 30 0 27 9 8 5 28 11 24 32 14 7 26 3 2 18 21 25 10 4 1 29 22 31 15 33 16 6 20 23 
0 1 1 0 0 0 1 0 0 0 1 0 0 1 0 1 1 0 0 0 1 0 1 0 0 1 1 0 1 0 0 1 0 1 
33 1 7 34 27 5 8 18 22 4 30 17 15 0 3 25 32 11 9 26 24 13 6 28 14 12 20 10 21 29 31 16 2 23 19 
0 0 0 0 0 1 0 0 0 1 0 0 0 1 0 1 1 1 0 0 0 0 1 0 0 0 1 0 1 0 0 0 0 1 
1 10 24 7 16 22 28 31 25 19 27 9 2 30 11 26 20 13 15 8 6 18 23 4 29 21 14 3 5 0 33 34 12 32 17 
1 1 1 1 0 1 0 0 1 1 1 0 1 1 1 1 0 1 0 0 1 0 1 0 1 1 1 0 0 0 1 0 1 0 
8 17 24 16 4 25 26 21 29 9 22 20 3 14 18 5 19 7 15 13 12 31 33 34 6 32 23 10 2 0 28 30 1 27 11 
1 1 0 0 1 0 1 1 0 0 0 0 0 1 0 0 0 0 1 0 0 1 0 0 1 1 1 1 1 0 0 0 0 1 
1 31 29 13 4 26 10 27 25 24 7 5 14 21 30 6 15 33 9 17 3 32 11 16 2 22 28 18 23 20 34 19 12 0 8 
0 0 1 0 0 1 0 1 1 0 1 1 0 1 0 1 0 0 1 1 0 0 0 1 0 0 0 0 0 0 0 0 0 0 
27 4 13 10 12 14 25 20 33 0 28 18 17 1 21 3 5 30 26 31 2 16 15 22 6 34 19 9 8 23 11 32 29 7 24 
1 0 1 0 0 1 0 1 0 0 1 1 0 0 1 0 1 0 0 1 0 0 1 0 0 0 0 1 0 1 0 1 0 0 
2 3 26 10 9 15 0 17 29 14 23 21 22 7 25 5 13 12 16 1 8 19 31 27 18 28 34 30 32 20 24 11 33 4 6 
0 0 1 0 1 0 0 1 0 1 1 0 1 0 1 0 0 1 0 1 1 0 0 1 1 1 1 1 0 0 1 0 0 0 
15 18 1 25 11 3 19 29 28 12 7 14 4 6 10 27 26 8 32 21 24 2 33 17 20 23 16 9 34 30 13 0 5 22 31 
0 0 0 1 1 0 1 1 0 1 0 0 1 0 1 1 0 0 1 1 1 1 1 0 1 1 0 1 0 1 0 0 0 1 
8 18 32 6 27 19 20 12 28 7 16 9 3 14 1 11 31 21 17 0 33 23 30 26 34 5 13 15 10 25 22 24 29 2 4 
0 0 0 1 0 0 1 1 0 1 1 1 0 1 0 1 1 1 0 1 1 0 0 1 0 0 0 0 1 1 1 0 1 1 
7 34 23 26 8 14 1 21 3 32 29 16 22 11 12 2 9 0 31 10 4 18 5 24 25 27 20 30 15 6 13 19 33 28 17 
0 0 0 1 0 1 1 0 0 0 0 0 0 0 1 0 1 0 1 0 0 1 0 1 0 0 1 1 0 1 0 1 0 1 
12 33 6 9 29 32 30 26 18 15 1 10 5 22 21 27 11 0 4 25 28 7 17 2 19 14 31 16 34 23 8 13 24 20 3 
0 1 0 0 1 0 1 0 1 0 1 0 0 1 0 1 1 1 1 0 0 1 1 1 1 0 0 0 0 0 1 1 0 0 
1 15 27 7 22 29 25 2 21 4 23 34 28 33 10 8 5 12 31 18 11 16 0 24 9 3 14 6 30 32 20 13 17 26 19 
1 0 1 0 0 0 1 0 0 0 1 0 1 0 1 0 1 1 1 1 1 0 0 0 1 0 0 0 1 1 0 1 0 1 
22 24 29 10 25 28 20 11 30 3 21 18 26 14 16 23 27 19 33 12 31 7 15 5 0 13 6 34 8 4 2 17 9 1 32 
1 0 0 0 1 1 0 0 1 1 0 1 0 1 0 0 1 1 1 0 0 1 0 0 0 0 0 1 1 0 0 0 1 1 
16 18 27 12 19 32 21 6 28 17 4 29 24 1 25 2 20 9 34 31 0 30 10 22 8 15 3 23 5 26 13 14 33 11 7 
1 1 1 0 0 0 1 0 1 1 1 1 1 0 1 0 0 0 0 1 0 1 1 1 1 1 1 1 1 0 0 0 0 0 
7 30 13 4 29 6 11 34 31 15 27 32 23 28 2 10 9 19 33 22 25 0 3 1 21 5 26 18 20 16 12 8 24 14 17 
1 1 1 1 1 0 1 0 1 0 0 1 1 1 1 0 0 1 1 0 0 0 1 0 0 1 1 0 0 1 1 0 0 0 
28 15 26 10 22 7 27 30 21 31 14 25 19 16 5 1 12 34 29 18 20 23 9 17 32 3 24 2 8 11 13 0 6 33 4 
1 1 0 1 1 0 1 0 1 0 0 1 0 1 0 1 1 1 1 1 1 0 0 0 1 1 0 0 1 0 1 0 1 1 
22 19 11 20 16 30 25 9 18 14 0 17 2 23 3 21 1 10 26 8 24 6 7 34 4 27 32 13 12 33 15 28 5 29 31 
1 0 1 1 0 1 1 0 0 1 0 0 0 0 1 1 0 1 1 0 1 1 0 0 0 1 1 1 1 0 1 1 1 0 
18 20 25 0 27 2 19 34 29 32 23 31 22 24 8 17 4 9 14 1 30 11 10 16 3 12 26 28 5 21 7 15 13 33 6 
0 1 1 1 0 0 0 0 1 0 0 0 0 0 0 1 1 0 1 0 0 1 0 0 0 0 1 0 0 0 0 0 1 0 
13 14 17 18 10 31 1 30 3 32 4 20 19 7 9 11 27 29 2 16 6 12 26 28 8 33 5 25 0 24 15 21 34 22 23 
0 0 1 1 0 1 0 1 1 0 0 1 1 0 0 1 0 1 1 0 1 1 0 0 1 1 0 0 0 0 1 1 1 0 
0 8 24 9 31 2 30 17 18 34 29 21 13 12 32 25 19 16 15 7 22 28 33 26 20 14 11 4 27 10 23 5 3 1 6 
0 0 0 1 1 0 1 0 0 0 1 0 1 1 1 1 1 1 1 0 1 1 0 1 0 0 1 1 1 1 1 1 0 0 
3 34 9 14 1 26 24 13 25 31 8 5 15 30 28 27 10 33 22 4 20 16 6 29 21 17 18 23 12 0 2 11 7 32 19 
1 1 1 0 1 0 0 0 0 1 1 0 1 1 1 0 0 0 1 0 0 1 0 0 1 1 0 0 1 0 0 1 0 0 
4 25 18 29 13 23 26 10 21 1 19 30 6 0 16 8 7 15 14 34 12 2 5 28 24 20 3 22 33 32 27 31 9 11 17 
0 0 0 0 1 1 1 1 0 1 1 1 1 1 1 0 0 0 0 1 0 0 0 0 0 1 0 1 1 0 0 1 1 0 
30 31 7 0 28 26 29 11 6 14 19 9 5 8 15 23 1 34 22 21 25 17 3 18 24 13 10 2 20 16 4 27 33 12 32 
0 0 1 0 1 1 1 1 1 1 0 0 0 1 1 1 1 0 1 1 1 0 1 1 1 1 0 0 0 0 1 1 1 1 
19 5 9 2 28 21 15 24 8 25 34 14 31 4 20 30 33 10 23 1 13 3 0 18 6 29 32 16 7 22 27 26 12 11 17 
0 1 1 0 1 1 0 0 1 1 1 1 1 0 0 0 0 1 0 0 1 0 1 0 1 0 1 1 1 0 0 1 1 1 
29 14 2 32 5 13 22 24 3 34 12 27 10 33 16 25 21 1 6 8 20 0 19 28 17 31 9 11 26 7 4 18 15 30 23 
0 1 1 0 0 0 0 0 0 0 0 0 1 1 1 0 1 1 0 0 0 0 1 0 1 0 0 0 1 0 1 0 0 0 
6 1 29 11 34 15 26 5 10 23 13 8 0 20 28 30 32 16 18 3 25 14 21 27 31 19 22 24 12 9 7 17 33 2 4 
0 0 0 0 1 0 0 1 1 1 0 1 1 0 0 1 0 1 0 0 0 0 0 0 1 1 0 0 0 0 1 0 0 1 
8 23 3 18 1 16 28 0 29 19 31 34 2 33 13 11 20 27 4 10 14 17 30 7 6 12 24 25 22 9 32 26 5 21 15 
0 1 0 0 1 0 0 0 1 0 0 1 0 1 1 1 0 0 0 0 1 0 1 1 0 0 1 1 0 1 0 0 1 0 
25 34 19 13 30 29 1 7 3 33 23 4 14 12 24 27 9 16 2 8 11 32 5 20 18 21 22 26 17 10 15 6 31 28 0 
1 0 1 1 0 0 0 0 1 1 0 0 1 1 0 0 1 1 1 1 0 1 0 1 0 1 1 1 0 1 0 0 0 1 
2 13 24 18 26 9 23 6 34 8 11 32 3 30 16 21 33 15 4 0 19 29 7 10 22 28 12 1 27 5 17 14 31 25 20 
1 0 0 1 1 1 0 1 0 0 1 0 0 1 1 1 1 0 1 0 0 0 0 1 0 1 1 1 0 1 0 1 1 1 
5 9 24 33 15 6 34 3 11 26 13 22 18 19 0 7 27 21 25 10 29 14 1 16 4 17 2 32 28 23 8 31 12 20 30 
0 1 0 0 0 0 1 0 1 0 1 1 1 1 0 1 1 1 1 1 1 1 1 1 1 1 0 1 0 0 0 1 0 1 
3 0 14 22 6 8 34 26 20 5 13 15 17 7 27 1 16 31 32 12 23 9 29 4 30 10 28 2 21 24 33 11 18 19 25 
1 0 1 1 1 1 1 1 1 0 0 0 1 1 1 1 1 0 1 1 0 1 0 0 1 1 0 0 1 1 1 0 1 0 
5 7 16 32 12 17 0 30 20 29 2 9 14 27 8 21 25 22 19 24 18 28 33 1 34 6 4 3 13 26 23 11 15 10 31 
0 1 1 1 0 0 0 0 0 1 0 1 1 0 1 1 1 0 1 0 1 1 1 0 0 1 1 1 1 0 0 0 1 0 
25 16 19 10 28 26 15 11 32 4 1 8 20 13 9 5 18 3 33 30 7 2 17 29 31 24 21 6 34 22 0 12 27 23 14 
0 0 1 0 1 0 1 0 0 1 0 1 1 0 1 0 0 1 0 1 1 1 0 1 1 1 1 0 1 0 1 0 1 0 
3 24 20 30 26 1 0 31 10 32 17 27 19 33 34 25 29 4 11 13 6 16 21 7 15 28 23 5 22 8 2 14 9 18 12 
0 0 1 0 1 1 1 0 0 1 1 1 1 1 0 0 0 0 0 1 0 0 0 0 0 1 1 1 0 0 1 0 1 0 
17 9 1 10 23 7 19 22 34 26 33 6 8 29 12 27 20 32 25 28 24 0 15 11 13 2 16 18 4 14 30 21 31 3 5 
1 1 1 1 0 1 0 1 0 0 0 0 1 1 0 0 1 1 1 1 0 1 0 1 0 0 1 1 0 0 0 1 1 1 
8 21 29 10 7 15 22 33 32 11 2 13 20 27 28 34 30 3 19 25 12 31 4 17 0 16 23 1 14 9 24 6 18 5 26 
0 0 1 1 1 1 0 1 0 0 0 0 1 1 1 0 0 1 0 1 1 0 1 1 0 0 0 0 1 0 1 1 0 0 
0 28 7 17 13 12 6 33 9 10 34 14 21 26 30 3 29 31 8 15 19 22 1 16 24 2 20 18 27 23 4 32 5 11 25 
1 1 1 1 0 1 0 1 1 1 1 1 0 0 0 0 0 0 1 0 1 0 1 0 0 0 1 1 0 1 1 0 1 0 
12 25 2 29 8 18 31 24 17 15 5 14 21 22 19 6 33 26 11 9 34 20 0 4 23 1 28 7 3 27 30 13 32 16 10 
0 0 0 1 1 0 1 1 1 1 1 1 0 0 0 1 1 1 0 0 1 0 1 1 1 1 1 0 0 1 0 1 0 1 
20 9 25 24 31 30 29 2 33 16 23 18 3 17 27 1 0 28 4 34 32 22 14 19 5 7 12 15 6 11 13 26 21 8 10 
1 0 0 0 1 0 1 1 1 0 0 1 1 0 0 0 0 1 1 1 1 0 0 1 1 0 1 1 1 1 0 0 0 1 
9 4 33 1 21 27 20 18 16 34 19 30 32 2 17 5 26 23 12 10 22 25 14 3 28 29 6 15 13 31 0 24 11 8 7 
1 1 0 0 1 0 1 1 1 1 1 0 1 0 1 0 1 0 0 1 0 0 0 0 1 1 1 0 0 0 0 1 1 1 
20 15 11 24 4 12 17 14 16 30 29 26 7 6 23 25 3 18 9 5 32 19 21 31 13 0 22 33 2 1 8 10 27 28 34 
0 0 1 1 0 1 0 1 1 1 0 1 1 1 1 0 1 1 0 1 0 1 1 0 0 0 0 1 1 0 1 0 1 0 
6 14 10 30 23 32 18 16 11 28 2 13 27 12 26 7 5 29 34 25 19 8 15 9 22 33 31 24 20 17 4 1 0 3 21 
1 1 1 0 0 1 1 0 0 1 0 1 0 0 1 1 0 0 0 0 0 0 1 0 1 0 0 1 0 1 0 1 0 1 
18 31 1 23 15 11 5 27 33 26 34 10 28 0 4 25 17 16 19 12 7 32 6 14 22 24 8 30 9 13 2 3 20 21 29 
0 1 1 0 0 1 0 1 1 1 1 0 0 1 1 1 1 1 1 1 1 0 0 1 1 1 0 1 1 0 0 0 0 1 
15 34 4 13 18 24 2 31 19 30 5 29 11 0 1 9 33 14 6 16 20 22 27 17 10 26 28 12 32 3 21 7 23 8 25 
0 0 0 1 0 0 0 1 1 0 1 1 1 0 0 0 0 1 1 0 1 0 0 1 0 0 1 1 1 0 0 0 0 0 
10 12 18 26 6 7 28 21 0 8 31 16 24 15 14 34 20 25 32 33 2 3 13 30 23 29 1 27 11 22 4 17 9 5 19 
0 1 1 0 1 1 1 1 0 0 0 0 0 1 0 1 0 1 0 0 1 1 1 1 0 0 0 1 1 1 1 1 1 0 
16 0 26 25 14 15 31 18 2 10 12 33 5 24 9 7 22 27 19 8 30 6 1 17 23 32 11 13 4 29 3 21 20 34 28 
0 0 1 1 0 0 1 1 0 1 0 1 1 1 1 1 1 1 0 0 0 1 0 1 1 1 1 1 1 0 0 1 1 0 
16 20 32 17 19 10 24 27 30 33 23 7 1 14 6 0 34 12 15 9 8 4 5 21 25 13 28 2 29 3 31 26 18 22 11 
0 0 1 0 0 0 1 1 0 1 0 0 1 1 0 1 1 1 0 0 0 0 0 1 0 1 1 0 0 1 0 1 0 1 
16 27 34 11 6 7 25 1 26 13 8 0 2 5 30 4 9 29 20 31 18 28 24 10 17 22 33 14 19 3 12 32 15 23 21 
1 0 1 1 0 1 0 0 0 0 1 0 1 1 0 1 1 0 1 0 1 1 1 0 0 0 1 1 1 1 0 1 0 0 
7 28 23 1 19 4 15 10 22 20 29 5 18 6 2 8 21 14 24 33 32 11 31 12 17 9 27 34 3 16 0 25 30 13 26 
0 1 1 1 1 0 0 0 0 1 0 1 0 1 0 1 1 0 0 0 1 0 1 0 0 0 1 1 0 0 1 1 0 1 
22 28 26 9 25 3 20 19 7 33 0 18 11 24 30 27 12 1 13 2 16 17 14 32 10 34 21 4 5 23 8 31 29 6 15 
0 1 1 0 0 1 0 1 0 0 0 0 1 1 0 1 0 1 1 0 1 0 0 1 0 0 0 0 0 1 0 1 0 0 
9 13 19 1 25 33 27 34 14 16 0 22 2 10 24 12 23 31 29 26 15 8 6 17 30 4 32 3 20 11 7 28 21 5 18 
0 1 1 0 1 1 1 0 0 0 1 0 0 1 1 0 1 1 1 0 1 0 1 1 0 0 0 0 1 0 0 1 0 0 
14 19 30 17 26 16 23 22 32 0 13 21 10 15 7 34 31 20 18 1 4 6 11 33 3 8 2 5 29 28 24 27 9 12 25 
0 0 0 1 0 0 1 0 1 0 0 1 0 1 0 0 1 1 0 0 1 0 0 0 1 0 1 0 0 1 1 0 1 1 
28 19 22 6 23 3 2 0 20 1 8 5 33 15 32 4 11 21 18 16 25 17 34 27 26 13 30 31 10 14 12 9 24 29 7 
0 1 1 1 1 1 0 1 1 0 0 1 0 0 1 1 0 0 1 0 0 1 0 0 0 1 0 0 0 0 0 0 1 1 
15 27 31 0 26 11 7 12 13 24 3 28 21 19 1 17 6 16 20 4 9 23 14 25 33 8 5 32 10 30 34 22 2 18 29 
1 0 0 1 0 0 0 0 1 0 1 0 1 1 0 1 1 1 1 0 0 0 0 0 0 1 1 1 0 0 0 1 1 0 
30 12 4 1 7 29 25 10 26 9 17 19 13 15 14 34 22 3 11 6 31 18 8 20 27 32 33 28 0 24 23 2 16 21 5 
0 1 1 0 0 0 0 0 1 0 0 1 1 1 1 1 1 1 0 1 0 1 1 0 1 0 1 0 0 1 1 1 1 0 
18 12 29 33 31 11 15 17 26 25 6 10 8 30 22 19 13 24 7 0 16 1 28 9 21 5 34 27 3 2 14 32 23 20 4 
0 0 1 1 0 1 1 1 0 0 1 0 1 0 0 1 1 1 1 0 1 1 1 1 0 0 1 1 0 0 0 1 0 1 
16 31 1 25 6 7 21 34 22 20 8 14 32 5 27 13 3 11 29 23 15 4 10 12 2 26 18 28 30 17 24 0 33 9 19 
0 0 1 1 1 0 1 1 0 0 0 1 0 0 0 1 0 0 1 0 0 0 1 0 0 1 0 0 1 1 0 0 0 1 
18 19 23 17 6 7 24 15 34 14 33 3 0 29 4 11 28 30 20 27 32 13 2 1 22 9 21 5 10 8 31 16 26 12 25 
1 0 1 1 1 0 1 1 0 0 1 0 1 1 1 1 0 1 1 1 0 0 0 0 1 0 0 0 1 0 1 0 0 0 
5 15 18 32 34 3 1 29 21 11 28 19 14 4 31 17 2 24 6 7 10 33 23 16 22 0 25 26 9 30 27 12 13 8 20 
0 1 0 1 1 1 1 0 1 1 1 0 1 0 1 0 1 0 0 0 0 1 0 0 1 1 0 1 1 0 1 1 0 0 
11 19 12 30 13 28 24 31 21 9 14 33 20 29 8 34 3 15 0 4 18 23 26 27 16 25 22 10 32 1 6 2 5 17 7 
1 0 1 1 1 1 1 1 1 0 0 1 0 1 0 0 1 0 1 1 0 0 0 0 0 0 0 1 1 0 0 0 1 1 
27 0 33 30 31 32 19 29 21 26 14 28 7 4 3 11 5 23 18 17 1 24 9 34 13 8 10 16 2 20 6 25 12 22 15 
1 1 0 0 0 0 1 1 1 0 1 0 1 0 0 0 1 0 1 1 0 0 1 0 0 0 0 1 0 0 0 1 0 1 
14 11 12 1 20 3 28 18 15 27 7 4 34 29 31 25 30 13 5 33 24 8 2 10 9 32 0 6 21 22 26 16 23 19 17 
1 1 1 1 1 1 1 1 1 0 0 1 1 0 1 1 0 1 1 0 0 1 0 0 1 0 0 0 0 1 0 1 1 0 
18 34 2 1 20 0 13 4 10 14 7 19 11 8 12 32 28 30 6 23 21 24 15 26 31 3 5 22 29 9 25 16 27 17 33 
0 1 0 1 1 0 0 1 0 1 1 1 1 0 0 0 0 0 0 0 0 0 1 0 0 0 0 1 1 1 1 1 1 1 
13 4 1 14 0 19 24 20 6 3 31 29 21 16 28 10 18 34 9 17 33 15 5 22 30 23 11 26 8 25 27 12 2 7 32 
0 1 1 0 0 0 1 1 0 1 1 0 0 0 0 1 0 0 1 0 1 1 0 1 0 0 0 1 0 0 0 1 0 0 
0 6 5 3 11 29 10 7 8 18 19 20 26 25 12 4 9 30 14 1 21 23 16 13 34 15 32 33 31 28 22 2 24 17 27 
0 1 0 0 0 1 0 0 1 0 1 0 0 0 1 1 1 0 1 1 1 0 0 0 1 0 1 0 0 0 0 1 1 1 
11 24 19 3 10 4 8 23 0 33 29 16 2 5 9 20 26 25 14 1 18 28 12 34 22 7 17 32 30 27 13 6 31 15 21 
1 1 0 1 0 1 0 0 0 0 1 0 0 1 1 0 0 0 0 1 0 0 1 1 0 0 1 0 1 0 0 0 0 0 
30 3 27 23 22 9 2 6 34 10 14 21 20 33 16 19 25 13 18 17 1 15 24 4 0 29 28 11 12 5 26 8 32 31 7 
0 1 1 1 0 0 1 1 0 0 1 0 0 0 1 1 1 0 1 1 0 0 1 1 0 0 1 0 1 0 1 0 0 1 
2 18 3 25 7 5 14 0 10 33 11 16 6 28 21 23 1 8 24 9 29 31 27 20 30 15 12 34 13 19 4 32 17 26 22 
0 1 1 1 0 1 0 1 0 0 1 0 1 1 1 0 1 0 0 1 0 1 0 1 1 0 1 1 0 1 1 1 0 1 
16 33 13 19 1 28 0 24 12 8 17 4 34 32 26 2 29 7 9 5 23 3 18 10 25 30 14 21 27 31 15 6 22 11 20 
1 1 1 1 0 0 1 0 0 1 1 0 0 0 0 1 1 1 1 0 0 1 0 0 1 0 0 0 1 1 0 1 1 0 
13 18 28 26 23 29 7 11 22 5 20 0 17 16 24 1 30 2 14 19 32 10 8 9 31 25 21 27 34 15 4 12 3 33 6 
0 1 0 1 0 1 1 0 1 0 1 1 1 0 1 0 0 1 0 0 0 1 1 0 1 0 0 1 0 1 0 1 1 0 
32 5 16 3 30 17 2 34 9 21 1 18 25 20 29 23 11 4 0 31 12 6 27 8 26 15 28 7 19 10 24 22 33 14 13 
0 0 0 0 0 1 0 0 0 0 0 1 0 0 1 0 0 0 1 1 1 1 0 1 1 1 0 0 1 1 1 1 1 0 
1 3 21 12 19 28 2 20 9 10 18 23 8 4 25 15 5 29 27 24 13 33 26 22 0 30 7 6 32 34 11 17 16 14 31 
1 0 1 1 0 0 1 0 0 1 1 0 0 1 1 0 1 1 1 0 0 0 1 0 0 1 0 0 1 1 0 1 0 0 
2 4 12 3 31 5 19 33 34 29 27 22 1 13 23 17 15 0 8 28 14 25 32 9 24 11 30 16 21 18 6 20 10 26 7 
1 0 0 1 0 0 0 1 1 1 1 1 0 1 0 0 0 0 0 1 0 0 0 0 0 0 0 0 1 1 0 0 1 0 
19 23 13 24 4 15 1 0 29 6 7 8 3 20 17 33 34 2 28 18 9 5 30 25 31 10 16 32 11 12 26 22 21 14 27 
1 0 1 0 0 1 1 1 0 0 1 0 1 0 1 0 0 1 1 1 0 1 0 0 1 1 1 0 0 1 0 0 0 1 
6 28 8 31 29 4 34 21 32 25 23 11 27 15 13 1 24 9 26 0 7 20 14 16 2 19 3 10 18 17 30 12 33 5 22 
1 1 1 0 0 1 0 0 0 1 0 1 0 1 0 0 0 1 0 1 1 0 1 1 1 0 0 0 1 1 0 0 1 1 
2 19 22 8 20 21 6 0 10 4 24 12 9 18 3 15 28 5 16 26 11 7 32 31 34 13 14 25 30 17 1 27 23 33 29 
0 0 1 0 0 1 0 1 0 0 0 0 0 0 1 0 0 1 0 1 0 0 0 1 1 1 0 0 1 0 1 1 1 0 
21 13 34 15 18 6 5 1 12 10 25 8 31 2 26 4 16 24 28 11 32 29 3 22 0 17 27 20 9 14 30 19 33 7 23 
1 0 1 0 1 0 0 1 0 1 0 1 0 1 1 1 1 1 1 1 0 0 1 1 0 0 0 0 1 1 1 0 0 1 
6 15 16 34 17 26 31 22 4 9 20 19 28 23 3 0 18 8 1 27 5 13 24 7 2 12 32 21 25 30 10 33 11 14 29 
1 0 0 1 1 1 1 0 0 1 1 0 1 1 1 1 0 1 0 0 1 1 1 0 1 1 1 1 1 0 1 0 0 0 
16 21 31 28 25 13 23 1 26 29 27 19 20 32 18 9 10 33 11 3 7 5 2 8 24 12 17 15 14 22 0 6 4 30 34 
1 1 1 0 0 0 1 1 0 1 0 1 1 1 1 0 1 1 1 0 1 0 0 0 1 1 0 1 1 0 0 1 0 1 
6 20 22 10 32 27 24 7 13 23 11 28 21 9 2 4 30 15 0 26 17 29 19 14 3 8 12 33 31 5 16 1 18 34 25 
0 1 1 1 1 0 1 1 0 0 0 0 0 1 0 1 0 1 1 1 1 1 1 1 0 1 1 1 0 1 1 0 0 1 
26 9 18 6 30 14 10 29 20 32 22 5 16 0 15 4 11 19 31 7 33 27 8 21 34 13 1 24 28 2 3 17 12 23 25 
0 1 1 0 1 0 0 0 1 1 0 1 1 1 1 1 0 1 1 1 0 1 1 1 0 1 1 0 1 1 1 1 1 1 
26 9 5 20 12 32 34 0 21 27 10 15 29 13 6 31 23 14 17 19 33 7 22 24 4 25 8 2 18 11 28 16 3 30 1 
0 0 0 1 0 1 1 1 0 0 1 1 1 1 0 1 1 0 1 1 1 1 0 1 0 1 1 1 1 1 0 0 1 1 
30 15 27 32 18 14 16 13 8 12 17 26 9 33 22 20 5 19 7 23 0 25 3 1 28 24 29 6 11 34 21 10 2 31 4 
0 1 1 0 1 1 0 1 0 0 1 1 0 0 1 1 0 1 0 0 0 0 0 1 1 1 0 1 1 1 1 1 1 0 
15 27 4 29 20 31 9 21 16 10 13 26 5 28 2 32 18 33 24 11 8 7 1 6 0 17 25 34 30 3 22 23 19 12 14 
1 0 1 0 1 1 0 0 1 0 1 1 1 0 1 1 0 0 0 0 0 0 0 0 0 0 0 1 0 1 0 0 0 0 
32 11 29 16 25 33 22 30 4 3 18 21 13 19 7 31 24 1 5 8 14 17 15 26 27 34 6 10 23 28 9 12 20 0 2 
0 0 1 0 0 1 0 0 1 0 0 1 1 0 0 1 1 0 1 0 1 0 0 1 0 0 0 0 0 0 1 0 1 1 
16 17 5 12 29 26 27 34 23 7 2 21 0 1 14 18 33 8 30 9 3 28 6 31 10 22 4 32 11 15 24 19 13 20 25 
1 1 1 0 0 0 0 0 1 1 0 1 1 0 0 0 1 1 1 1 0 0 1 1 0 1 0 1 0 1 0 0 1 1 
13 31 7 10 34 32 8 27 17 28 18 9 30 6 33 20 23 4 14 1 11 3 29 24 22 26 5 25 2 12 21 15 0 19 16 
0 0 0 0 0 0 0 0 0 0 0 0 0 0 0 1 0 1 1 1 0 0 0 0 1 1 1 0 0 0 1 0 0 0 
1 18 10 9 33 28 21 11 26 23 25 27 31 16 22 14 34 8 24 4 0 20 2 19 29 17 15 7 13 6 30 12 3 32 5 
1 1 1 0 0 1 0 0 0 0 1 1 1 0 0 1 0 1 0 1 1 1 1 1 1 1 0 1 0 1 0 1 0 0 
1 11 5 2 28 25 31 14 22 13 6 8 16 30 21 34 27 4 20 19 17 10 12 9 7 26 32 29 24 15 18 3 23 0 33 
1 1 0 0 0 0 1 1 1 0 0 0 1 0 0 0 0 1 1 0 1 1 1 1 1 1 0 1 1 0 0 0 1 1 
8 0 18 1 6 11 34 12 7 33 17 25 23 29 30 5 24 28 31 22 9 16 15 27 21 32 3 26 13 14 2 10 4 20 19 
1 0 1 0 1 1 1 0 0 0 1 0 0 0 1 1 0 0 1 1 1 0 0 1 0 1 1 1 0 0 0 0 1 1 
34 25 2 32 27 14 18 16 24 9 21 8 0 29 12 1 17 22 3 11 28 19 6 23 10 20 13 7 4 33 26 30 15 5 31 
0 1 0 0 1 1 1 0 0 0 1 0 0 0 0 0 0 1 1 1 1 1 0 0 0 1 1 1 1 0 0 1 1 0 
34 1 18 9 20 21 19 4 29 24 25 0 13 28 8 3 2 17 11 10 27 33 32 7 14 5 12 26 16 15 30 23 6 31 22 
0 1 0 0 1 0 1 0 1 1 1 1 0 1 0 0 0 1 0 1 1 1 1 0 1 0 1 1 0 1 0 1 1 0 
9 34 30 8 18 28 24 26 19 0 25 10 21 16 22 33 17 2 14 5 23 3 12 4 13 31 15 29 20 6 32 1 11 27 7 
1 1 1 1 0 1 1 1 0 1 1 1 0 0 1 1 0 1 1 0 0 1 1 1 1 0 0 0 1 0 0 1 1 0 
19 30 2 17 15 33 22 9 26 10 3 4 23 12 25 24 13 0 8 11 29 28 21 7 18 32 5 1 6 34 14 20 31 16 27 
0 0 0 0 0 1 1 1 1 1 1 0 1 0 1 0 1 0 0 0 0 1 0 1 0 0 1 1 1 0 1 0 0 1 
11 6 5 32 30 8 16 3 23 18 7 25 20 22 26 17 31 29 34 19 28 24 0 27 33 1 14 4 21 12 15 10 9 13 2 
0 0 1 1 0 1 1 1 1 0 1 0 0 0 1 0 0 0 0 1 0 0 0 1 0 0 0 0 0 1 1 0 1 1 
11 3 2 12 34 5 6 32 31 8 24 14 29 23 28 30 0 10 16 1 18 26 27 17 33 4 25 22 21 15 13 9 19 20 7 
0 1 1 1 0 0 1 0 1 0 0 1 0 1 1 0 0 0 1 0 1 0 0 1 1 0 1 1 0 0 0 1 1 0 
27 14 34 5 2 22 19 28 8 29 7 30 25 13 16 26 24 33 17 20 10 9 11 12 0 6 15 1 4 3 23 18 32 31 21 
1 0 0 0 0 0 1 0 0 1 0 0 0 1 1 0 0 0 1 1 0 0 1 0 0 1 1 0 0 1 0 1 1 0 
30 14 9 26 20 33 7 17 25 29 28 18 2 21 32 5 1 24 0 11 13 27 10 4 12 19 15 3 8 31 16 34 22 23 6 
0 1 1 1 0 1 1 0 0 0 1 1 0 1 0 0 1 1 0 1 0 1 0 0 1 1 1 1 1 0 1 1 1 1 
7 34 25 2 1 0 30 21 10 13 12 26 15 3 22 11 19 14 8 27 24 33 31 17 23 9 20 6 29 5 16 18 4 28 32 
0 1 1 1 1 1 1 1 1 1 0 0 0 0 1 1 0 1 1 0 0 1 1 1 0 1 1 0 0 0 0 0 0 0 
18 12 29 20 11 9 0 26 19 25 31 15 13 1 8 28 16 21 33 22 32 23 2 7 14 27 10 24 30 4 6 17 34 5 3 
1 0 1 0 0 0 0 1 0 0 1 0 0 0 1 0 1 1 0 0 0 1 0 0 0 0 1 0 0 1 0 0 0 1 
29 11 20 32 22 10 0 31 28 18 12 34 25 8 1 9 21 33 24 17 4 27 3 23 14 7 19 13 30 5 16 2 15 6 26 
1 1 0 0 0 1 1 0 1 0 0 0 1 0 0 0 0 1 0 1 1 1 1 1 0 1 1 1 1 1 0 0 1 0 
9 2 18 19 10 17 28 3 12 33 25 31 21 14 4 11 7 0 20 27 13 16 30 15 5 26 29 32 1 24 34 23 6 22 8 
1 1 1 0 1 1 0 1 1 0 1 1 1 0 0 1 0 1 0 0 0 0 0 0 1 0 1 0 0 1 0 0 0 0 
13 12 20 18 3 22 8 4 7 19 24 29 14 30 9 31 10 28 5 33 34 6 11 2 0 27 32 17 21 26 15 23 16 25 1 
1 1 0 0 1 0 0 1 0 0 0 1 1 0 0 0 1 1 0 1 1 1 1 0 0 0 0 1 0 0 0 0 1 1 
15 20 33 4 16 14 29 6 31 28 13 0 8 23 12 10 30 1 19 22 5 26 34 11 3 9 18 32 25 21 7 17 2 24 27 
0 1 1 0 0 1 1 0 1 0 1 0 0 0 0 1 0 1 0 1 0 0 0 1 0 0 1 1 1 1 0 0 1 1 
15 18 28 12 16 23 6 5 11 9 25 1 17 14 10 0 30 2 27 32 26 29 31 4 24 34 22 21 8 13 3 19 20 33 7 
0 0 1 1 0 1 0 0 1 0 0 1 0 0 1 1 1 0 0 0 0 0 1 1 1 1 1 1 1 0 0 0 1 1 
34 9 12 32 7 14 3 27 0 2 21 31 4 5 8 11 24 23 33 25 15 1 26 17 28 10 13 20 16 22 19 30 18 29 6 
1 0 0 1 1 1 0 0 1 0 1 1 1 0 1 1 1 0 1 0 1 1 0 1 1 0 0 1 1 1 1 0 1 1 
34 31 29 3 5 15 4 24 33 12 19 10 23 14 22 30 16 11 26 27 2 17 9 6 8 25 20 13 28 7 0 1 18 32 21 
1 1 0 0 0 0 0 1 1 1 1 0 0 0 0 0 0 0 1 1 0 0 1 0 0 1 1 1 1 1 1 1 1 0 
33 11 32 30 23 16 5 9 12 29 19 24 15 28 7 18 14 26 27 21 2 17 8 31 10 3 22 34 0 1 4 6 25 20 13 
1 1 1 1 0 0 0 1 0 0 1 1 1 0 1 1 1 1 1 1 1 0 1 0 1 0 1 1 0 0 0 1 1 0 
15 18 28 7 27 20 2 34 4 3 14 32 10 22 12 33 17 25 23 8 30 11 16 29 0 24 5 21 1 13 9 6 26 31 19 
1 1 0 0 1 1 1 0 0 1 0 1 0 0 1 1 0 0 0 1 0 1 0 1 1 1 1 1 0 1 0 0 0 0 
33 25 4 23 21 8 15 18 2 3 24 30 19 14 1 34 17 0 9 22 7 5 11 12 20 27 13 31 6 26 10 32 29 28 16 
0 0 0 1 1 1 1 0 1 1 0 1 1 0 0 1 1 0 0 0 0 1 1 0 1 1 0 0 0 0 0 1 1 1 
17 30 34 18 23 19 14 21 20 2 4 32 1 9 7 33 31 28 16 12 22 29 25 26 0 5 24 11 8 15 10 6 13 3 27 
0 1 1 0 1 1 1 0 0 0 1 0 1 0 1 1 1 0 0 0 1 0 0 1 1 0 0 1 0 0 1 1 0 1 
24 19 26 29 14 28 18 33 23 30 4 21 1 31 20 0 7 22 3 16 25 32 6 27 12 5 9 13 2 10 15 34 17 8 11 
0 1 1 0 0 1 1 1 0 1 0 1 0 0 0 1 1 0 0 0 0 1 0 1 1 1 1 1 0 0 0 1 0 0 
24 8 3 31 0 27 4 21 33 29 23 11 18 32 22 26 28 34 14 19 7 25 6 17 13 16 2 15 10 30 12 20 5 1 9 
0 0 1 1 1 1 1 0 0 0 1 1 0 0 1 1 1 1 1 1 1 0 0 0 1 0 1 0 1 0 1 1 1 0 
26 4 25 0 24 27 6 15 23 22 17 33 19 3 16 20 2 12 18 13 1 11 29 34 30 8 9 14 28 7 21 32 5 10 31 
0 0 1 1 0 0 1 1 1 1 0 1 0 0 1 1 1 1 1 1 0 1 1 1 1 1 0 1 1 0 0 1 0 0 
9 13 33 30 11 2 29 10 31 5 4 16 27 0 17 32 6 23 34 19 14 21 18 15 25 7 24 28 20 1 22 8 12 26 3 
1 1 0 1 1 1 1 1 0 0 1 1 1 1 1 1 1 1 0 1 0 1 1 1 0 0 0 0 0 1 1 0 1 0 
16 25 30 2 0 31 24 19 11 33 12 8 15 10 18 23 17 5 14 21 20 28 1 7 4 6 22 29 34 26 27 9 3 32 13 
0 1 0 1 0 0 0 1 1 1 1 0 0 1 0 0 1 0 0 0 1 0 0 1 1 0 1 1 0 0 0 1 1 1 
24 22 26 30 19 23 5 14 4 1 21 13 34 33 17 12 7 25 31 3 8 27 6 20 28 29 10 2 15 9 16 32 11 18 0 
1 0 1 1 0 1 1 0 1 1 1 1 1 0 0 0 1 1 1 0 0 1 0 0 0 1 0 0 1 0 1 1 0 0 
24 16 11 13 25 4 29 1 8 20 17 33 28 22 34 12 23 21 3 2 32 9 30 15 31 10 5 26 0 18 27 19 7 6 14 
1 0 0 0 1 0 1 1 0 0 0 0 0 0 0 0 0 1 1 0 1 0 0 0 0 1 0 0 1 1 0 1 1 0 
32 25 31 11 4 5 20 15 23 12 34 1 9 6 21 18 30 3 27 16 7 19 14 22 0 17 10 33 29 2 26 24 28 13 8 
0 0 1 0 1 1 0 1 1 0 0 1 1 0 0 0 0 1 1 0 1 1 1 0 1 0 1 0 0 1 0 1 1 0 
12 10 16 21 1 28 34 20 7 17 32 24 27 33 3 25 31 14 30 11 19 6 4 13 22 18 23 26 5 9 29 0 15 2 8 
1 0 0 1 1 0 1 1 1 0 0 0 0 1 1 1 0 1 1 1 1 0 1 1 0 1 1 0 1 0 1 0 1 1 
0 29 33 20 27 21 16 5 8 17 26 22 13 3 6 7 9 19 31 24 4 30 34 11 25 15 2 32 28 12 18 23 14 1 10 
1 0 0 0 0 0 0 0 0 1 0 1 1 0 1 0 0 1 0 0 1 0 1 1 1 0 0 1 1 1 1 0 0 0 
21 6 24 34 13 7 8 2 1 18 22 3 31 27 9 23 16 26 30 33 20 10 25 11 0 17 5 15 19 12 32 14 28 4 29 
0 1 1 0 0 1 0 1 0 1 1 0 0 1 1 0 1 0 0 0 0 0 1 1 1 0 0 1 0 0 0 0 0 0 
2 0 34 9 7 3 13 11 19 23 4 8 26 1 27 33 31 20 14 18 10 30 24 17 6 22 28 12 29 5 16 15 32 25 21 
0 1 0 0 0 0 0 1 0 0 1 1 1 1 1 1 1 1 0 0 1 1 0 1 1 0 1 1 0 1 0 0 0 0 
6 14 4 15 3 16 8 26 0 2 5 1 9 24 33 10 13 18 30 17 11 23 31 21 28 25 20 12 29 34 7 32 19 27 22 
0 0 1 0 0 0 0 1 1 1 0 0 1 0 1 1 1 1 0 0 1 0 0 0 1 0 0 1 1 1 0 0 1 1 
34 27 18 29 21 32 23 10 28 8 4 33 13 31 6 30 5 3 15 14 0 12 9 1 25 2 20 19 16 26 7 22 24 17 11 
0 0 1 0 0 0 1 1 1 0 1 1 1 0 0 0 0 0 1 0 1 1 1 0 0 1 0 1 0 1 1 1 1 0 
34 33 19 4 9 2 21 10 3 13 27 0 1 14 30 6 23 11 26 28 12 7 18 17 15 32 16 20 31 25 5 22 8 24 29 
1 1 1 1 1 1 0 1 1 1 1 0 0 0 1 0 1 0 0 0 0 1 0 1 1 1 0 1 1 1 1 1 0 1 
3 6 11 28 12 20 4 22 31 34 29 27 9 15 26 30 19 18 10 23 7 1 17 14 25 24 33 8 2 5 21 13 16 0 32 
1 0 1 1 1 0 0 0 1 1 1 0 0 1 1 0 0 1 0 0 0 1 1 0 1 1 1 0 0 0 0 0 1 1 
6 25 10 29 11 15 4 34 0 9 24 26 2 5 22 18 1 13 14 16 23 30 28 21 20 27 31 19 33 8 3 17 12 32 7 
1 0 0 0 0 1 0 1 1 1 1 1 1 0 1 0 0 1 1 1 0 0 1 1 0 0 0 0 1 1 1 0 0 1 
12 14 28 20 21 8 0 13 15 11 18 31 26 6 27 3 33 34 7 5 17 24 29 1 9 10 4 23 2 19 25 30 32 16 22 
1 0 1 1 1 0 0 0 1 0 0 1 0 0 1 1 1 0 0 1 0 0 0 1 0 1 0 0 0 0 1 0 0 0 
20 11 3 0 5 29 8 17 24 9 21 23 22 33 26 4 10 19 6 30 31 18 2 7 28 15 13 14 25 12 27 32 16 34 1 
0 0 0 1 1 0 1 1 1 1 1 0 0 0 1 1 0 0 1 1 1 0 1 1 0 0 0 0 1 0 0 1 0 0 
0 23 9 28 17 21 20 3 31 10 22 16 8 11 33 19 27 34 24 25 32 2 1 13 15 7 14 18 4 30 26 29 12 6 5 
1 0 0 0 0 0 1 1 0 0 0 0 1 1 0 0 0 0 0 1 1 0 1 1 0 1 0 1 1 1 0 0 1 0 
19 11 29 31 5 28 26 13 16 18 20 1 23 33 30 27 4 14 25 15 10 7 21 2 6 12 8 24 17 3 22 9 32 0 34 
1 0 1 0 1 1 1 1 0 0 0 0 1 0 0 0 1 1 0 1 1 1 1 0 0 1 1 1 1 1 0 0 0 1 
0 25 4 31 34 18 7 20 19 10 26 24 27 17 8 15 1 13 11 5 23 28 14 16 12 22 9 2 3 33 32 6 30 29 21 
0 0 0 1 1 0 1 1 1 1 0 1 0 0 1 0 0 0 0 1 0 1 1 1 1 1 0 0 1 1 0 1 0 0 
18 10 24 23 30 2 1 29 17 3 5 6 22 8 32 34 11 14 19 26 28 0 33 13 21 12 20 9 27 4 7 25 16 15 31 
0 0 1 1 0 0 0 1 0 0 1 0 1 0 1 1 0 1 1 1 0 1 0 1 0 1 1 0 1 0 1 0 1 0 
11 5 31 33 6 25 32 13 2 19 12 21 28 26 15 22 23 1 34 20 0 4 3 8 30 14 24 16 7 18 10 17 27 9 29 
0 1 1 1 0 0 1 0 1 0 1 1 0 0 0 0 1 0 1 0 1 0 0 0 0 1 1 0 1 1 0 1 1 0 
18 13 3 1 33 32 28 29 34 25 31 24 19 8 23 17 15 26 12 2 11 22 0 5 30 6 9 7 16 14 21 4 20 27 10 
1 1 1 0 1 0 1 1 0 0 0 0 0 0 0 0 0 0 1 1 0 1 1 1 1 1 0 1 1 0 1 0 1 1 
17 31 1 24 3 25 30 2 13 21 9 11 23 0 5 15 27 29 8 16 28 10 19 18 20 7 34 33 32 14 26 12 6 4 22 
0 1 0 0 1 0 1 0 1 1 0 1 0 1 0 0 0 1 0 1 1 0 0 0 0 0 0 0 0 1 1 0 1 1 
24 28 0 14 22 13 32 4 7 5 11 1 16 33 20 8 27 23 10 18 12 26 6 30 25 31 9 17 29 15 3 21 19 2 34 
0 1 0 0 0 1 0 1 0 1 1 0 1 1 1 1 0 0 1 0 0 1 0 1 0 1 1 1 0 1 1 1 1 0 
26 3 24 22 8 1 28 5 16 31 15 4 19 20 12 25 0 11 17 23 27 2 10 29 18 14 9 30 21 13 32 33 34 7 6 
0 0 0 1 1 0 1 1 0 1 0 1 1 1 0 0 1 1 1 1 1 0 0 1 1 0 0 1 0 0 0 0 0 1 
16 18 25 0 19 5 11 30 22 24 14 27 8 2 33 9 26 6 34 1 17 10 13 31 3 12 28 4 23 20 7 32 29 15 21 
1 1 1 0 1 1 1 1 1 1 0 0 0 1 0 1 0 0 0 1 0 0 1 1 1 0 0 0 1 0 0 0 1 1 
23 29 31 3 9 2 10 27 12 18 25 20 19 34 13 22 33 14 30 7 17 21 1 16 8 5 4 28 6 32 15 26 0 11 24 
1 0 0 0 0 0 1 0 0 1 0 1 1 1 0 1 0 1 1 0 0 1 1 0 0 1 1 0 1 1 0 1 0 0 
15 34 0 2 29 23 19 24 26 28 1 7 12 16 13 25 18 22 3 20 32 9 4 31 30 10 14 11 6 17 27 5 33 21 8 
0 0 1 0 1 1 0 1 1 1 1 0 1 0 1 0 1 1 1 0 0 1 1 0 1 1 0 1 0 0 0 1 0 0 
20 26 16 34 11 21 14 1 30 7 32 5 31 25 19 18 22 13 15 17 3 33 10 28 29 27 4 0 6 9 23 12 2 24 8 
0 0 0 1 1 1 0 1 0 0 1 0 1 1 0 0 0 1 0 0 0 1 1 1 1 0 0 1 1 0 1 0 0 1 
6 4 21 12 5 33 29 14 8 18 26 34 17 9 3 2 27 15 7 0 32 20 1 22 19 31 13 23 25 11 16 30 28 24 10 
1 1 0 0 1 0 1 0 1 0 0 0 1 1 1 0 1 0 0 1 1 0 0 0 0 1 0 1 1 0 0 1 0 0 
19 33 28 11 4 32 6 10 18 9 3 21 8 15 12 30 27 24 14 26 20 0 13 29 17 34 31 16 25 1 5 23 7 2 22 
1 0 1 0 0 0 0 1 0 0 0 0 1 0 0 1 0 1 1 0 1 1 1 0 1 0 0 0 1 0 0 0 1 0 
10 33 16 15 14 22 2 8 6 32 25 28 26 24 20 4 5 29 1 0 13 21 9 34 23 27 30 19 11 3 17 7 18 31 12 
0 1 1 0 1 0 1 0 0 0 1 1 0 1 1 0 0 0 0 1 0 0 0 1 1 1 0 0 1 1 0 1 0 0 
15 10 34 20 4 7 18 6 12 8 3 11 5 32 2 1 13 19 0 28 9 33 31 25 21 23 17 22 14 24 30 16 29 27 26 
0 1 0 0 1 1 1 1 0 1 1 0 1 0 0 1 0 1 0 1 1 1 0 1 0 1 0 1 0 0 0 1 1 0 
33 11 2 0 5 31 9 32 19 15 14 24 7 6 12 16 20 1 28 18 21 10 26 25 17 8 3 22 13 34 4 29 27 30 23 
1 0 0 0 0 0 1 1 0 1 1 0 0 0 1 0 0 0 0 1 0 0 0 0 1 0 0 1 1 1 0 1 0 1 
22 2 23 28 3 34 11 31 25 12 26 0 13 15 20 1 6 14 8 7 17 21 33 16 5 9 29 27 24 18 10 30 32 4 19 
0 0 0 0 0 1 0 1 0 0 0 1 0 1 1 1 1 1 0 0 0 0 1 0 1 1 0 0 1 0 0 1 0 1 
3 9 22 23 6 34 17 11 33 20 15 29 30 19 18 26 13 21 14 8 32 0 27 1 31 24 25 4 12 28 7 10 2 16 5 
0 1 0 0 0 1 0 1 0 1 0 1 0 0 1 0 0 1 1 0 1 0 1 0 1 1 1 0 0 1 1 0 1 1 
25 8 11 19 20 23 34 18 6 22 12 10 13 33 7 30 26 1 31 4 29 3 16 2 28 32 5 0 15 14 21 24 9 17 27 
0 0 1 1 1 1 1 1 1 0 1 1 1 0 0 0 1 1 0 1 1 1 0 0 1 1 1 1 1 1 1 1 0 0 
0 25 17 26 11 15 1 13 28 8 20 3 32 16 29 22 2 30 12 18 19 31 6 5 9 21 24 7 4 34 23 33 27 14 10 
0 0 1 0 0 0 1 0 1 1 1 1 1 0 0 1 0 0 0 0 1 1 0 1 1 0 1 0 0 0 0 1 0 1 
2 10 4 22 19 3 31 24 34 20 17 11 26 27 25 8 15 29 30 28 1 14 21 9 33 0 16 32 13 18 5 12 23 6 7 
1 0 1 1 0 0 1 0 0 0 1 0 1 1 0 0 0 0 0 0 1 0 1 1 0 1 1 1 0 0 1 1 1 0 
10 29 5 9 12 31 13 32 21 22 7 1 24 6 3 2 27 11 23 14 15 4 28 30 25 0 18 17 8 33 20 34 19 26 16 
1 1 0 1 1 0 1 0 0 0 1 0 1 1 0 1 1 0 1 1 1 1 0 1 1 1 0 1 0 0 1 0 1 1 
6 5 23 21 27 3 18 34 14 15 28 16 0 26 11 31 32 13 7 10 17 30 9 1 20 12 33 19 29 4 8 24 2 25 22 
1 0 1 1 0 1 1 0 0 0 1 1 1 1 1 1 0 0 0 0 0 1 1 0 1 0 0 1 1 1 0 0 0 1 
3 12 29 17 28 14 26 33 22 2 11 25 7 31 18 30 24 13 19 20 8 1 4 21 23 5 16 6 27 10 0 9 15 32 34 
1 0 0 1 1 0 0 0 0 1 1 0 1 1 1 1 0 1 0 0 0 0 0 1 0 1 1 1 1 1 0 1 1 0 
24 31 21 17 18 26 19 7 16 1 3 14 4 8 2 30 33 15 25 28 22 6 5 10 32 34 29 12 9 27 13 23 20 11 0 
1 1 0 0 1 1 1 0 1 0 1 1 1 0 1 0 0 0 1 0 1 0 1 1 1 0 1 0 0 1 0 1 0 0 
11 30 20 4 18 28 13 8 19 29 15 1 27 34 31 12 9 16 24 7 22 14 21 0 23 32 2 5 33 3 25 6 10 26 17 
1 0 1 1 0 0 1 0 1 0 0 1 0 1 0 0 0 0 0 1 1 1 0 1 1 1 1 0 1 0 0 0 0 0 
16 1 14 3 22 33 6 11 0 19 7 31 5 32 2 20 13 24 29 34 28 23 18 4 8 30 21 25 27 12 17 10 26 15 9 
0 1 1 0 0 1 0 1 0 1 0 0 1 0 1 1 0 0 1 0 0 0 1 0 0 1 1 0 1 0 1 0 1 1 
24 16 33 30 28 4 11 6 32 31 17 14 20 19 7 10 18 0 29 15 2 34 27 23 21 26 13 25 3 9 12 1 8 22 5 
0 1 1 1 0 0 0 0 0 0 0 0 1 1 0 1 1 0 1 1 0 0 1 1 1 0 1 0 0 0 0 0 1 0 
15 1 10 29 12 25 20 2 33 30 31 27 24 34 32 19 21 26 22 11 7 14 9 4 3 5 6 16 23 13 8 28 17 0 18 
1 0 1 1 0 1 1 1 0 0 1 1 1 0 1 0 1 0 0 1 1 0 0 1 1 0 0 1 0 1 0 0 0 0 
21 27 33 13 25 14 31 26 16 28 8 32 0 3 17 29 11 20 23 22 9 1 18 5 6 10 12 24 19 7 30 15 34 2 4 
1 0 1 0 1 1 0 1 1 1 1 1 0 0 0 0 1 1 0 1 0 1 1 1 0 1 0 0 1 0 0 1 1 0 
17 3 0 2 4 10 11 6 29 19 5 27 1 30 9 14 23 32 8 16 21 18 28 12 33 26 34 13 31 20 7 22 15 25 24 
1 0 1 0 1 1 1 1 1 0 1 0 1 0 1 1 1 1 1 1 0 0 1 1 1 1 0 1 0 0 1 0 1 0 
3 1 24 31 10 9 29 33 16 5 7 6 25 13 22 0 23 26 4 2 34 8 12 30 20 27 19 11 18 15 32 28 21 17 14 
1 1 1 1 0 1 1 0 0 1 1 1 0 1 0 1 0 1 0 0 1 0 0 1 1 1 1 0 1 1 1 0 1 1 
31 18 10 15 17 8 19 25 0 9 28 5 26 23 3 30 20 29 24 32 11 34 33 7 22 13 6 16 12 14 1 27 2 4 21 
1 0 0 1 0 1 1 0 0 0 0 0 0 1 0 1 0 1 0 1 0 1 0 0 1 1 1 1 1 0 0 0 0 0 
6 8 9 17 25 24 18 12 30 7 3 15 28 27 20 26 1 13 34 4 2 19 11 16 23 5 0 21 10 14 31 29 33 22 32 
0 0 0 0 1 0 0 0 0 0 1 0 1 1 0 0 1 0 1 0 0 1 1 0 1 1 1 0 0 0 1 0 0 0 
7 21 20 23 28 3 29 26 10 27 9 19 34 6 0 1 11 31 17 16 24 5 33 12 2 30 14 15 32 13 4 22 25 8 18 
1 0 0 1 0 1 1 1 1 0 0 0 0 1 1 0 0 1 1 0 1 1 0 0 0 0 0 0 0 0 0 0 1 1 
31 21 7 4 2 22 26 1 8 13 34 0 6 25 12 20 29 9 33 16 14 3 11 32 17 23 30 27 28 5 15 19 18 10 24 
0 1 0 1 0 0 0 1 0 0 0 0 0 1 0 1 0 1 0 1 1 1 1 0 0 1 1 0 0 1 0 0 0 0 
33 7 4 5 31 6 18 10 13 16 34 24 17 0 9 20 11 21 22 23 30 26 3 15 12 27 28 29 1 25 14 8 32 19 2 
1 1 0 1 0 1 1 1 0 0 1 1 0 1 1 1 1 1 1 0 0 0 0 1 1 1 1 0 1 1 1 1 1 0 
6 0 34 29 26 12 7 11 20 3 17 30 25 16 31 5 32 4 10 33 28 22 27 14 9 8 2 21 24 23 18 19 13 1 15 
0 0 1 0 1 1 1 1 0 0 1 0 1 1 1 0 0 1 1 0 1 1 1 0 1 0 0 0 1 0 0 0 0 0 
30 20 5 19 0 11 10 2 31 27 4 9 15 34 16 26 33 18 14 3 17 6 13 21 24 25 8 22 23 28 1 12 32 7 29 
0 0 1 1 1 1 0 1 0 1 0 1 1 1 1 1 1 1 1 1 0 0 1 0 0 0 0 1 0 1 0 0 0 0 
1 4 27 5 12 23 13 25 29 24 31 34 28 9 32 8 17 3 22 15 10 14 30 11 26 19 7 18 16 20 0 21 6 2 33 
1 1 1 1 1 0 1 1 1 1 0 0 1 1 1 0 1 0 1 1 1 1 1 1 1 0 1 0 1 0 1 1 0 1 
10 24 3 1 9 25 5 29 31 11 14 32 34 21 27 17 13 7 26 12 33 22 19 6 16 30 18 8 23 0 20 2 4 28 15 
1 0 0 1 0 0 0 0 1 0 0 0 0 1 0 1 1 0 0 0 1 0 0 1 0 0 0 1 1 1 1 0 0 1 
24 1 7 14 32 34 2 31 15 6 4 30 22 27 12 28 19 21 20 11 13 33 3 8 18 0 16 29 25 5 26 10 9 23 17 
1 1 0 1 0 0 1 0 0 1 0 0 1 1 1 0 1 0 1 1 0 1 1 0 0 1 1 1 1 1 0 1 0 1 
7 1 30 24 23 13 6 5 15 28 17 21 20 19 26 18 9 25 4 29 31 10 33 3 22 2 16 8 0 12 27 14 11 32 34 
1 0 0 1 1 1 1 1 1 0 1 0 1 1 1 1 0 0 0 1 0 1 0 1 1 1 1 1 1 1 1 0 0 1 
3 33 30 29 25 4 0 7 20 15 1 32 17 8 2 11 34 10 19 21 27 24 22 12 18 5 6 26 28 23 9 31 16 14 13 
1 0 0 0 1 0 1 0 0 0 0 0 1 1 1 0 0 1 0 1 1 0 0 0 1 0 0 0 0 0 0 1 0 0 
32 17 26 15 4 3 9 21 1 18 23 30 6 33 22 10 14 5 16 2 19 24 13 29 0 20 8 25 27 7 34 12 28 11 31 
0 1 1 1 1 1 1 1 1 1 1 1 1 0 1 0 0 1 1 1 1 0 1 0 1 0 1 0 0 1 0 1 0 1 
31 3 17 32 14 0 1 12 15 33 7 21 28 5 27 23 34 30 19 22 10 20 9 24 6 11 4 26 25 8 2 18 29 13 16 
0 1 0 1 0 1 0 1 1 0 1 1 1 0 1 1 0 1 1 0 0 0 1 0 0 1 0 0 0 0 1 1 1 1 
32 8 21 12 9 27 22 11 31 4 33 0 15 20 18 19 24 1 34 26 5 28 10 29 30 23 13 6 3 7 25 2 16 17 14 
1 1 1 0 1 1 1 0 1 0 0 1 0 0 1 1 1 1 0 1 1 1 0 0 1 1 1 0 1 0 1 0 1 1 
1 16 5 2 13 23 20 18 4 27 7 0 32 15 30 21 29 11 22 14 10 19 34 8 33 26 17 12 6 9 24 28 3 25 31 
0 0 0 1 1 0 0 1 0 1 0 1 1 0 1 1 0 0 1 0 1 1 0 0 0 1 1 1 0 0 0 0 0 1 
7 33 12 31 18 29 5 19 22 8 14 13 11 26 3 32 21 28 1 30 17 10 6 20 0 27 9 24 15 34 4 23 2 16 25 
0 0 0 1 0 1 1 1 1 0 1 1 1 1 1 0 1 0 0 1 0 0 0 0 0 1 1 1 0 1 0 1 1 0 
10 32 5 33 3 23 6 15 30 4 1 8 31 22 0 14 27 12 11 13 19 18 20 9 16 29 2 21 28 17 34 24 25 7 26 
0 0 1 0 0 1 1 0 1 1 0 0 0 0 0 1 1 0 1 1 1 1 0 1 0 1 1 1 0 0 1 0 0 1 
13 3 25 19 34 10 11 17 21 28 27 8 29 32 22 9 1 20 14 16 15 0 30 2 5 4 18 7 12 26 6 31 23 33 24 
0 0 0 0 1 1 0 0 1 0 1 0 0 0 1 0 1 1 1 0 0 1 0 1 1 1 1 0 1 1 0 0 1 1 
7 15 8 13 18 14 21 27 26 24 16 2 34 10 20 4 11 5 30 22 0 12 32 9 25 28 33 19 29 31 23 1 17 6 3 
0 1 1 1 1 0 1 1 1 0 0 0 0 0 1 0 1 1 0 0 0 1 1 1 0 1 0 1 0 1 1 0 0 1 
30 4 23 27 21 24 25 16 18 11 14 20 17 26 7 15 3 12 31 6 34 5 29 22 28 32 2 13 19 1 0 10 33 9 8 
0 0 1 0 0 0 0 0 0 1 0 1 0 0 1 1 0 1 1 1 1 0 1 1 1 0 0 1 0 1 0 1 1 0 
18 26 19 1 2 23 7 13 20 15 11 3 30 4 10 33 9 6 34 28 5 24 31 17 0 14 22 12 27 25 8 21 29 16 32 
1 0 1 0 1 0 1 0 0 1 1 1 0 0 0 1 1 0 0 1 1 1 1 0 0 1 1 0 0 0 0 1 0 0 
25 17 13 6 27 9 33 16 11 20 8 30 34 10 23 31 22 26 28 21 19 32 15 0 14 7 12 29 3 1 5 4 2 24 18 
0 1 0 0 1 0 1 1 0 1 1 1 0 1 1 0 1 0 1 1 1 0 0 0 0 0 1 0 0 1 1 1 0 1 
15 30 6 27 28 10 13 32 22 34 19 31 33 26 21 4 3 11 8 1 29 2 20 14 0 23 25 5 16 24 12 17 9 18 7 
1 0 1 1 1 0 0 1 1 0 1 0 0 0 0 0 1 1 1 1 0 0 1 1 1 1 1 0 0 1 0 0 0 0 
33 29 34 32 2 11 27 0 3 30 9 20 28 15 1 14 4 16 5 6 22 13 18 12 19 25 24 17 31 26 7 8 21 23 10 
1 1 1 1 1 1 0 0 0 0 1 1 0 1 0 0 1 0 1 1 1 0 0 1 1 0 1 1 0 0 1 1 0 1 
7 5 10 26 1 34 27 19 16 25 0 11 9 18 31 12 23 30 24 13 8 32 6 22 28 33 29 21 14 20 4 15 17 3 2 
1 1 0 0 1 0 1 1 0 1 0 0 0 1 0 1 0 0 1 0 1 1 0 0 0 0 0 1 0 0 1 1 0 0 
0 6 5 33 17 23 11 3 25 32 15 34 9 18 12 26 27 1 16 31 2 14 13 24 22 29 10 21 20 8 28 30 19 7 4 
0 1 1 1 0 1 1 0 1 0 0 0 1 1 1 1 1 1 1 0 1 0 1 1 0 1 1 0 1 0 0 1 1 1 
19 34 14 16 7 6 23 33 28 2 12 24 22 3 9 31 5 21 20 29 4 18 17 26 0 32 30 11 15 10 8 13 27 1 25 
0 1 1 0 1 0 1 1 1 0 1 0 1 1 1 0 0 1 1 0 1 1 1 1 0 1 0 0 1 0 1 0 0 1 
20 14 22 34 23 33 2 9 10 21 32 31 27 11 30 12 0 25 26 17 29 19 5 13 1 7 4 28 3 6 24 8 15 18 16 
0 1 1 1 1 1 0 0 0 0 1 1 0 0 1 0 1 0 0 0 1 1 1 1 0 1 0 0 1 0 0 1 0 1 
14 22 2 28 16 32 9 21 26 30 7 10 1 6 12 31 23 19 24 20 34 29 8 11 27 18 3 33 5 13 25 4 17 15 0 
0 1 1 0 0 1 1 1 0 0 0 1 0 0 0 0 0 1 0 0 1 0 0 1 1 0 1 1 0 1 0 1 0 1 
28 16 3 12 33 26 25 21 22 0 11 4 5 6 18 32 15 10 17 8 2 20 19 14 30 13 27 9 24 31 29 23 1 34 7 
1 1 1 0 0 0 0 0 1 0 0 0 0 0 1 1 1 1 1 0 0 1 1 0 1 1 1 1 1 1 1 0 0 0 
16 13 26 9 3 21 23 22 33 34 28 18 31 7 5 29 19 20 6 17 10 30 15 1 27 24 0 2 11 8 14 32 4 12 25 
1 0 0 1 1 0 0 0 1 0 1 1 1 0 1 1 0 0 1 0 1 1 1 0 1 1 0 1 1 0 0 1 0 1 
2 31 10 29 24 21 12 22 0 18 25 13 33 3 6 19 5 30 28 8 11 7 32 26 4 16 1 23 34 9 20 17 15 14 27 
1 0 0 0 1 1 0 0 1 1 0 0 1 0 0 1 1 1 1 0 1 0 0 0 1 0 1 1 1 1 0 0 0 0 
22 4 24 9 1 30 11 16 2 26 29 20 14 10 25 6 18 12 8 34 3 23 33 31 19 0 5 15 17 21 32 27 28 13 7 
0 1 1 0 0 1 0 1 0 1 1 0 0 0 0 1 0 0 0 1 1 0 1 0 0 1 0 1 1 1 0 1 0 1 
8 33 6 23 24 14 32 3 16 22 11 30 7 26 21 10 29 4 31 12 18 28 5 34 13 20 9 0 2 19 27 25 15 17 1 
0 1 0 1 1 1 1 0 1 0 0 1 0 1 0 0 0 0 0 0 0 1 0 0 0 0 1 0 1 1 1 1 1 1 
16 24 14 13 23 10 4 19 1 12 8 29 32 6 15 2 20 7 25 5 28 21 26 34 31 3 27 30 33 22 0 11 17 9 18 
1 1 1 0 0 1 1 0 1 0 1 1 0 0 1 1 0 1 1 0 1 1 1 0 0 1 0 0 0 1 1 0 1 1 
24 14 33 4 5 15 0 25 34 27 23 13 1 17 29 22 9 10 12 31 7 30 16 32 18 26 21 28 3 2 19 6 20 11 8 
0 1 1 1 0 0 1 0 0 1 1 0 1 0 1 1 1 0 0 1 1 1 1 0 0 1 1 0 1 1 1 1 1 0 
28 16 10 17 25 5 22 31 33 23 2 9 29 6 14 34 18 24 8 26 12 4 11 30 3 21 7 27 15 0 32 1 20 13 19 
0 0 1 0 1 1 1 1 1 1 1 0 1 1 0 1 1 0 1 1 1 1 1 1 0 0 0 1 0 0 0 0 1 0 
14 26 29 5 32 23 33 34 3 6 2 31 10 1 4 13 8 20 28 15 27 24 18 16 7 17 22 11 25 19 0 12 30 9 21 
1 1 1 0 0 1 0 0 1 1 0 0 0 0 1 1 1 0 1 1 1 0 0 0 0 1 0 0 0 1 0 0 1 1 
11 7 21 3 10 20 9 14 1 5 22 27 4 30 8 12 26 19 32 31 16 33 6 34 23 18 13 29 24 28 17 0 25 15 2 
1 1 0 0 0 1 0 1 1 1 0 1 1 1 1 0 0 0 1 1 1 1 0 0 1 1 1 0 1 0 0 0 0 1 
12 1 0 5 2 9 11 16 34 32 3 17 7 23 6 31 33 27 19 15 28 26 4 14 20 22 29 25 24 13 18 8 21 10 30 
0 0 1 0 1 0 1 1 0 0 0 1 1 1 1 0 0 0 1 1 0 0 0 1 0 0 1 0 0 0 1 1 1 0 
8 4 13 21 5 11 34 33 23 22 3 15 14 31 19 25 16 32 26 10 27 7 6 20 29 0 28 9 1 30 12 24 18 17 2 
0 1 1 1 0 0 0 1 0 0 1 0 0 0 1 0 1 0 1 1 1 1 1 1 0 1 0 1 0 1 0 0 1 1 
3 14 25 33 21 19 28 4 6 13 15 32 22 30 12 5 16 18 20 17 7 1 2 34 0 23 10 27 11 29 26 8 9 31 24 
1 0 0 1 1 1 1 0 1 1 0 0 1 1 0 0 0 1 1 0 0 0 1 0 0 0 1 1 1 0 0 1 1 1 
9 26 20 22 6 13 11 33 30 27 28 25 16 23 12 31 17 4 29 18 10 7 21 2 19 34 32 24 15 8 14 3 1 5 0 
0 1 0 0 0 0 1 1 0 0 1 1 1 1 1 1 0 1 1 0 1 0 1 1 0 1 0 0 1 0 0 1 1 1 
26 33 11 17 4 24 16 15 18 10 9 21 22 14 30 7 12 29 25 5 8 28 34 27 23 19 20 1 32 0 6 3 2 13 31 
0 1 0 1 0 0 1 0 0 1 0 1 1 1 0 0 1 1 0 0 1 1 0 0 0 1 0 0 0 0 1 1 1 1 
18 13 32 24 30 31 26 3 22 1 4 7 17 28 11 10 33 2 25 9 5 29 19 16 23 6 20 14 21 15 8 34 0 12 27 
0 0 0 0 0 1 0 1 1 1 0 1 1 0 1 1 0 0 0 1 1 1 0 0 1 0 1 0 0 0 0 1 1 1 
8 33 13 17 0 11 25 1 31 23 3 20 26 34 4 2 27 10 29 22 9 15 5 24 21 32 16 7 19 12 30 18 6 28 14 
1 0 0 0 1 1 1 1 1 1 1 0 1 0 1 0 0 1 1 0 1 0 0 0 1 0 1 1 0 0 0 0 1 0 
4 25 8 19 24 3 32 34 11 14 7 22 20 26 16 9 27 28 1 15 10 6 31 5 30 12 17 18 0 13 2 23 33 29 21 
1 1 1 0 0 0 0 0 1 1 0 0 0 0 0 0 1 0 0 1 1 1 0 1 0 1 1 0 0 0 0 1 0 0 
29 1 20 12 22 23 3 9 6 27 4 15 24 21 18 19 5 28 8 31 26 11 17 10 33 16 14 13 25 7 0 32 2 34 30 
1 1 0 1 0 0 1 0 1 1 0 0 1 1 0 1 0 1 1 0 1 0 1 0 1 1 1 1 1 0 1 1 1 0 
33 26 10 12 23 15 18 11 2 17 7 13 4 29 8 1 0 25 28 21 9 32 19 20 34 3 22 16 30 27 14 5 31 24 6 
1 1 1 1 1 0 0 1 0 0 0 1 0 0 0 1 1 1 0 1 1 1 0 0 1 0 1 0 1 0 0 1 1 1 
8 25 31 27 16 32 0 21 34 33 2 15 18 20 6 5 19 22 13 9 10 7 14 26 3 23 29 17 12 30 1 11 24 4 28 
0 0 1 0 1 1 1 1 0 1 1 1 0 0 0 1 0 1 1 1 1 1 0 0 1 1 0 1 0 1 0 0 0 1 
7 33 14 16 32 29 6 19 25 15 22 21 34 31 26 3 2 18 23 1 9 17 0 30 13 4 27 11 8 28 5 12 10 24 20 
0 0 0 1 1 1 1 1 1 1 1 1 1 0 0 0 0 1 0 1 0 0 0 1 1 0 1 0 1 0 0 0 1 0 
17 1 8 19 31 5 15 10 23 26 0 6 28 13 4 18 2 27 20 14 22 16 30 11 34 9 21 25 32 7 24 12 3 29 33 
1 0 1 1 1 1 1 0 1 1 1 1 1 1 1 0 1 0 1 1 0 0 1 0 0 0 1 1 0 0 0 0 0 0 
33 26 0 28 18 9 31 27 8 14 4 15 24 1 17 22 12 20 7 25 5 30 3 2 19 32 10 11 13 6 21 29 34 16 23 
0 0 0 1 1 1 0 1 0 0 1 1 0 1 1 1 1 0 1 1 0 0 0 0 0 0 1 1 1 1 0 1 1 0 
26 23 6 2 30 19 21 17 16 4 11 14 15 8 7 10 22 5 34 13 3 28 27 24 29 31 9 20 18 25 33 1 0 32 12 
1 1 0 0 1 1 1 1 0 1 0 0 0 1 0 0 0 0 1 0 0 0 0 1 1 1 0 1 1 0 1 1 1 1 
17 13 18 26 31 1 2 16 0 4 15 33 5 11 25 12 21 24 7 29 19 20 6 14 23 3 30 34 27 10 8 28 32 9 22 
1 1 1 0 1 1 1 1 0 1 1 0 0 0 0 0 0 1 0 1 0 1 0 0 0 1 1 0 0 0 1 1 0 0 
31 5 33 8 30 15 16 20 2 17 11 32 27 0 7 28 12 22 34 9 24 13 4 18 26 21 19 1 25 23 6 14 3 10 29 
1 0 1 1 1 1 0 0 0 1 1 1 1 0 1 0 1 1 1 1 0 0 0 0 1 1 0 1 1 0 0 1 0 1 
3 22 4 8 23 18 31 13 12 34 14 33 0 15 1 2 24 30 9 17 7 32 16 10 25 6 20 11 29 26 21 5 28 27 19 
1 0 0 0 0 0 1 1 1 0 1 0 0 1 1 1 1 0 1 0 0 0 0 0 1 0 0 0 1 1 0 1 0 0 
29 13 14 6 11 26 34 7 10 21 2 9 33 32 15 22 28 31 3 27 1 19 4 30 8 18 20 17 0 24 25 23 16 12 5 
1 1 1 0 1 1 0 1 1 0 0 0 0 0 0 1 1 0 1 0 1 1 0 1 1 1 1 0 0 0 0 1 0 0 
20 23 11 6 24 14 12 4 32 13 15 30 33 34 27 2 25 1 26 31 21 8 19 28 0 29 16 5 7 3 9 17 22 10 18 
1 1 0 1 0 1 1 0 0 1 0 1 1 0 1 1 0 1 1 0 0 0 0 0 1 0 0 0 0 0 0 0 0 1 
4 0 13 17 8 28 34 33 15 25 6 22 7 3 14 9 30 29 10 32 20 24 27 18 23 19 5 16 11 26 31 2 1 21 12 
1 1 1 1 1 1 1 0 0 1 0 0 1 1 1 0 1 1 0 1 0 1 1 1 1 1 0 1 1 1 1 1 0 0 
28 24 8 19 10 14 15 31 7 20 6 0 26 12 34 29 1 25 9 23 33 30 21 5 3 2 11 13 18 32 27 16 4 17 22 
1 0 1 0 0 1 0 0 1 0 0 0 1 0 1 0 1 0 1 0 1 1 0 0 1 1 0 0 1 1 1 0 1 1 
11 17 27 25 2 15 6 12 10 13 23 1 28 9 19 34 30 4 8 24 21 0 22 3 5 14 32 16 7 18 29 33 20 26 31 
1 1 1 1 0 0 1 1 1 0 1 0 1 0 1 0 0 0 1 1 1 1 0 1 1 1 1 0 1 0 1 1 0 0 
10 12 9 8 34 20 7 6 27 29 15 11 30 18 23 19 25 24 22 13 5 33 3 32 31 28 17 2 21 16 4 26 1 14 0 
0 0 1 0 0 0 1 1 0 1 1 1 1 1 0 1 1 1 0 1 0 1 1 1 1 1 1 1 0 1 1 1 0 0 
19 12 15 28 29 34 17 11 16 24 33 21 6 20 0 9 7 5 22 31 1 2 23 25 30 18 26 10 3 27 13 4 14 8 32 
1 0 0 0 0 1 1 1 0 0 0 1 0 1 0 1 1 0 1 1 0 1 0 0 1 1 0 1 0 0 0 1 0 0 
19 6 20 13 25 22 29 4 11 24 2 27 33 18 17 1 30 34 10 15 3 32 14 12 31 16 5 21 23 9 28 8 0 7 26 
0 1 1 0 1 1 1 1 1 1 1 0 1 0 0 1 1 1 1 1 0 0 0 0 1 1 0 0 1 1 1 1 1 1 
17 22 27 4 24 28 19 1 12 34 8 32 29 7 23 6 20 18 11 30 10 2 14 3 0 25 9 33 21 13 15 5 16 31 26 
0 1 0 0 1 0 0 1 0 1 0 0 1 1 1 0 1 0 1 1 0 0 0 0 0 0 1 0 0 1 0 1 1 0 
8 17 21 0 23 18 22 12 7 32 27 9 16 33 30 13 20 34 10 19 3 2 15 11 1 25 29 4 6 26 24 28 31 5 14 
0 1 0 1 1 0 1 1 1 1 0 1 0 1 1 1 0 1 0 0 0 0 0 1 1 0 1 0 1 1 1 1 0 1 
27 32 12 0 22 18 2 19 23 17 1 28 29 33 11 7 25 26 30 10 9 3 21 13 20 31 4 34 8 6 5 24 14 15 16 
1 0 1 0 0 1 1 1 0 1 0 1 0 0 0 0 1 0 1 1 1 1 0 1 1 0 0 0 1 0 0 0 0 1 
27 3 15 23 32 19 25 1 26 31 4 14 10 29 9 30 20 8 33 18 16 22 21 24 34 5 2 12 28 13 0 7 17 6 11 
1 1 1 1 1 0 1 0 0 0 0 0 0 1 1 0 1 1 1 1 1 1 1 1 1 1 1 0 0 1 1 0 1 0 
20 34 9 1 0 27 5 15 22 29 32 24 7 17 13 33 19 23 31 10 4 26 6 18 3 2 11 28 21 16 12 8 25 14 30 
0 0 1 1 0 0 1 1 1 1 1 1 0 0 1 1 1 0 0 0 0 1 1 0 1 1 0 0 0 0 1 0 1 1 
29 27 11 25 10 1 7 24 32 15 34 6 21 13 4 14 26 9 30 2 20 12 17 16 8 18 22 33 28 19 0 5 23 31 3 
1 1 1 1 1 1 1 0 1 0 0 0 0 1 0 1 0 1 1 1 0 1 0 0 1 0 0 0 0 0 1 1 1 1 
1 34 25 23 15 30 33 24 32 13 27 22 6 4 12 7 28 2 10 18 19 0 26 8 5 3 16 14 29 17 20 9 31 11 21 
0 1 1 1 1 0 0 1 0 1 1 1 0 1 1 0 1 0 0 1 0 1 0 1 0 0 1 0 1 1 0 0 0 0 
23 16 11 3 19 22 4 0 9 14 32 7 5 15 28 18 24 20 29 30 8 26 34 2 1 12 33 31 10 6 13 25 21 27 17 
0 1 0 0 0 0 1 1 0 0 0 1 1 1 1 1 1 1 1 1 1 1 0 1 0 0 1 0 0 1 0 1 1 0 
0 31 4 20 2 5 15 16 17 14 19 27 30 24 11 7 33 32 34 21 22 6 9 28 10 26 3 13 29 1 23 8 18 12 25 
0 0 1 1 0 1 1 1 1 0 1 1 1 0 1 0 0 0 0 1 0 1 1 0 0 1 0 0 1 0 0 0 1 0 
15 21 29 9 34 19 33 28 32 31 2 7 6 22 1 14 10 13 20 16 12 17 25 3 23 8 5 4 24 11 30 26 27 0 18 
1 0 0 0 0 0 0 1 0 1 1 1 1 0 0 1 0 1 1 0 1 0 1 1 0 0 0 0 1 1 0 0 1 0 
27 31 23 7 16 1 15 5 10 30 21 29 14 32 12 9 19 25 0 6 28 22 18 34 33 24 17 2 3 20 13 11 8 26 4 
1 0 0 0 0 1 0 1 1 0 1 1 0 0 0 1 0 0 1 1 0 0 0 0 1 1 1 1 1 0 1 1 1 0 
3 27 18 14 6 7 0 20 25 31 11 22 19 29 34 5 24 33 13 32 1 9 28 21 17 10 4 26 23 8 2 30 15 12 16 
0 1 0 1 0 0 1 1 1 0 0 1 1 0 1 1 1 0 1 1 1 1 0 0 1 0 1 0 1 1 1 0 1 0 
17 1 20 3 26 19 25 11 12 0 4 9 13 30 22 6 18 16 29 23 27 32 14 2 7 10 5 34 24 8 33 21 15 31 28 
0 0 1 0 0 0 1 0 0 0 0 0 0 0 0 1 0 1 0 0 1 1 0 0 0 0 0 1 1 1 0 0 0 1 
20 26 31 12 11 2 22 6 16 27 34 5 18 15 1 14 10 24 30 4 13 8 19 3 9 28 17 33 23 21 25 7 0 29 32 
1 0 1 1 1 1 1 0 0 0 1 1 0 1 0 0 1 1 1 0 1 0 0 0 0 0 1 0 0 1 0 0 1 1 
5 8 18 16 15 30 26 12 29 22 7 28 19 3 14 4 2 17 11 32 9 0 24 23 1 21 20 27 6 33 34 10 13 25 31 
0 0 1 1 1 1 0 0 1 1 1 0 1 0 0 1 1 1 1 1 0 0 1 0 1 1 1 0 0 0 1 1 1 0 
24 4 19 22 15 0 30 6 26 17 7 8 34 29 21 32 25 1 23 10 5 12 9 14 20 13 3 31 16 27 11 2 33 28 18 
0 0 0 0 0 1 0 0 0 1 1 1 1 0 0 1 0 0 0 1 0 0 0 1 1 1 0 1 0 1 1 1 0 1 
30 26 29 10 20 19 4 6 12 7 31 22 13 23 1 25 33 8 0 3 14 34 16 11 2 27 18 5 21 15 32 28 17 24 9 
0 0 0 1 0 1 1 0 0 0 1 1 0 1 0 1 0 0 1 1 0 1 1 1 1 1 1 0 0 1 1 0 1 0 
21 28 8 33 31 16 1 13 9 15 10 4 2 32 14 26 30 23 25 18 0 6 17 5 11 29 22 7 27 34 20 12 24 19 3 
0 1 0 0 0 0 1 1 1 1 0 1 1 1 0 1 0 1 1 1 1 1 0 1 0 0 1 0 1 1 0 1 1 1 
34 2 9 11 26 16 8 29 23 13 24 28 5 33 22 17 7 19 32 15 18 14 27 3 30 0 31 25 1 20 6 4 12 10 21 
1 1 1 0 0 0 0 1 1 1 0 1 0 0 0 0 1 0 1 1 1 0 0 0 0 0 0 0 0 1 0 1 1 1 
13 28 4 3 11 5 17 2 20 7 12 23 25 16 9 31 19 15 29 27 32 34 33 30 6 8 21 1 0 18 10 14 24 22 26 
1 1 1 1 1 1 0 0 1 1 0 1 0 0 1 0 0 0 0 0 0 1 0 1 0 1 0 1 0 1 1 1 0 1 
16 10 18 15 25 30 28 7 0 11 12 24 29 22 33 13 21 1 3 34 14 9 32 20 4 6 26 2 27 8 5 31 19 17 23 
1 0 1 1 0 0 0 1 0 0 0 0 0 1 1 0 0 1 0 1 1 1 1 0 0 1 0 1 0 0 1 0 0 1 
18 27 26 32 25 12 8 4 16 20 0 31 30 19 28 2 21 3 11 6 15 17 10 14 5 9 1 13 29 22 34 33 24 23 7 
0 1 1 0 1 0 0 0 1 1 0 1 0 1 0 1 0 1 1 0 1 0 0 0 0 0 0 1 1 0 0 0 1 1 
32 21 33 1 13 2 11 16 6 7 17 34 27 12 4 10 24 23 28 0 3 30 19 8 14 15 9 20 22 31 18 25 26 5 29 
0 0 0 1 0 0 1 0 1 1 1 1 1 1 0 0 0 1 1 0 1 1 1 0 0 0 1 0 0 1 1 1 0 1 
15 8 10 18 1 13 0 2 19 28 34 11 30 4 12 6 7 24 29 22 21 17 27 20 14 9 16 25 23 31 26 3 32 33 5 
0 1 1 0 0 0 0 1 1 0 0 1 1 1 1 1 1 0 0 0 1 0 1 0 1 1 1 0 0 0 0 0 1 0 
28 26 17 4 15 24 31 12 19 34 18 3 23 7 29 27 1 10 33 11 16 6 14 13 5 20 0 22 2 9 25 21 30 8 32 
1 1 0 1 1 0 1 0 0 0 0 1 0 0 0 0 1 1 1 1 1 1 1 1 0 1 1 1 0 0 0 0 0 0 
15 6 0 31 14 27 19 25 33 24 7 2 4 3 17 11 32 10 23 21 30 34 28 26 12 16 22 9 18 8 20 5 13 29 1 
1 0 0 0 1 0 0 0 1 1 1 1 1 1 0 0 1 0 1 1 1 0 1 1 0 0 0 0 0 1 0 1 0 1 
18 19 2 16 3 29 0 32 24 22 5 14 21 15 13 11 23 6 4 27 31 34 25 9 8 12 7 26 33 28 20 30 17 10 1 
1 0 0 1 1 0 1 0 0 0 0 1 1 1 1 0 1 0 1 0 1 1 0 0 0 1 1 0 0 0 1 0 1 1 
14 0 24 5 16 1 20 28 7 33 34 9 2 29 32 18 30 21 15 19 31 12 3 11 10 13 4 22 23 17 26 6 8 27 25 
1 1 1 0 1 1 1 1 0 0 1 1 0 1 0 0 1 1 1 0 1 0 0 1 1 0 1 0 0 1 1 1 0 1 
32 0 28 14 17 25 1 13 24 18 26 20 16 4 31 15 23 34 2 30 9 3 12 27 5 6 33 8 21 19 10 29 22 11 7 
0 1 0 0 1 1 0 0 0 0 1 0 0 0 0 0 0 1 1 1 0 1 1 0 1 0 0 1 0 1 1 0 1 1 
